189.06 257.12 0
194.33 257.63 0
199.6 257.45 0
199.6 257.45 0
204.91 256.81 0
210.25 255.61 0
210.25 255.61 0
215.65 254.07 0
220.61 251.9 0
225.12 249.28 0
229.24 246.1 0
232.94 242.02 0
235.84 237.62 0
238.2 232.81 0
240.17 227.73 0
241.73 222.64 0
242.96 217.42 0
244.24 212.21 0
245.95 207.1 0
247.13 201.92 0
247.63 196.59 0
248.09 191.25 0
248.59 185.91 0
249.55 180.65 0
251.19 175.47 0
252.48 170.28 0
252.63 164.95 0
252.48 159.46 0
252.2 154.31 0
249.82 149.74 0
246.22 145.33 0
243.44 140.71 0
240.57 136.21 0
237.08 131.88 0
233.02 128.63 0
228.15 126.92 0
222.71 125.74 0
217.34 125.47 0
212.07 126 0
206.77 126.98 0
201.48 128.11 0
196.2 129.12 0
190.95 130.24 0
185.69 131.23 0
180.39 131.8 0
175.04 132.19 0
169.69 132.49 0
164.33 132.69 0
158.99 132.97 0
153.55 133.88 0
149.03 135.97 0
145.32 140.25 0
142.57 144.73 0
140.29 149.71 0
138.72 154.85 0
137.69 160.11 0
137.31 165.45 0
137.6 170.84 0
138.22 176.14 0
140.18 181.5 0
145.16 182.88 0
151.53 183.61 0
151.37 186.62 0
148.21 191.63 0
144.62 195.99 0
143.91 200.92 0
143.89 206.36 0
143.66 211.77 0
143.5 217.05 0
144.62 222.11 0
147.19 227.01 0
150.03 231.72 0
152.95 236.19 0
156.26 240.42 0
159.77 244.59 0
163.75 247.99 0
168.49 250.51 0
173.53 252.45 0
178.61 254.22 0
183.8 255.88 0
188.73 255.05 -9.52
193.97 255.32 -9.52
199.16 255.42 -9.52
204.25 254.6 -9.52
204.25 254.6 -9.52
209.25 252.79 -9.52
209.25 252.79 -9.52
214.24 250.88 -9.52
218.82 248.45 -9.52
222.97 245.51 -9.52
226.75 241.84 -9.52
230.26 237.95 -9.52
233.58 233.89 -9.52
236.44 229.56 -9.52
238.76 224.89 -9.52
240.77 220.06 -9.52
242.61 215.14 -9.52
243.66 210.09 -9.52
244.18 204.89 -9.52
244.8 199.7 -9.52
245.54 194.54 -9.52
246.52 189.43 -9.52
247.87 184.39 -9.52
249.52 179.41 -9.52
251.18 174.44 -9.52
251.69 169.3 -9.52
251.86 164.08 -9.52
250.72 159.07 -9.52
248.82 154.11 -9.52
247.66 148.95 -9.52
246.47 143.89 -9.52
244.28 139.19 -9.52
240.93 134.82 -9.52
237 131.81 -9.52
232.02 129.72 -9.52
226.91 129.57 -9.52
221.69 129.97 -9.52
216.45 130.45 -9.52
211.25 130.93 -9.52
206.07 131.49 -9.52
200.87 131.94 -9.52
195.67 132.16 -9.52
190.46 132.27 -9.52
185.25 132.36 -9.52
180.04 132.49 -9.52
174.81 132.69 -9.52
169.56 132.98 -9.52
164.36 133.39 -9.52
159.25 133.98 -9.52
154.09 135.45 -9.52
149.92 138.09 -9.52
146.65 142.4 -9.52
144.07 146.88 -9.52
141.91 151.69 -9.52
140.04 156.59 -9.52
138.61 161.63 -9.52
138.67 166.79 -9.52
139.12 172.03 -9.52
139.93 177.43 -9.52
141.76 181.91 -9.52
146.61 183.94 -9.52
152.64 185.08 -9.52
154.94 186.52 -9.52
151.03 190.41 -9.52
147.66 195.12 -9.52
146.27 200.05 -9.52
145.37 205.35 -9.52
145.31 210.54 -9.52
146.33 215.67 -9.52
147.7 220.75 -9.52
149.07 225.85 -9.52
150.76 230.83 -9.52
153 235.37 -9.52
156.36 239.49 -9.52
160.26 242.88 -9.52
164.71 245.64 -9.52
169.45 247.83 -9.52
174.07 250.27 -9.52
178.62 252.83 -9.52
183.58 254.46 -9.52
190.49 258.48 -19.04
195.64 258.97 -19.04
200.79 259.27 -19.04
205.84 258.97 -19.04
205.84 258.97 -19.04
210.85 257.71 -19.04
215.79 255.78 -19.04
215.79 255.78 -19.04
219.74 252.41 -19.04
223.42 248.82 -19.04
226.87 245.01 -19.04
230.12 240.96 -19.04
232.96 236.69 -19.04
235.25 232.1 -19.04
237.34 227.35 -19.04
239.56 222.69 -19.04
241.77 218.02 -19.04
243.69 213.25 -19.04
245.46 208.34 -19.04
245.98 203.27 -19.04
246.09 198.05 -19.04
246.4 193.03 -19.04
248.55 188.35 -19.04
251.73 183.81 -19.04
254.16 179.19 -19.04
254.41 174.32 -19.04
253.65 169.2 -19.04
252.83 164.03 -19.04
252.47 158.83 -19.04
252.24 153.6 -19.04
251.69 148.67 -19.04
249.16 144.05 -19.04
245.92 140.12 -19.04
242.01 136.63 -19.04
237.7 133.67 -19.04
233.17 131.33 -19.04
228.32 129.43 -19.04
223.42 127.81 -19.04
218.4 126.63 -19.04
213.3 125.97 -19.04
208.14 125.61 -19.04
203.03 125.95 -19.04
197.93 126.85 -19.04
192.8 127.48 -19.04
187.64 127.9 -19.04
182.55 128.48 -19.04
177.53 129.58 -19.04
172.58 131.15 -19.04
167.74 132.98 -19.04
162.99 135.1 -19.04
158.82 137.93 -19.04
155.24 141.68 -19.04
152.03 145.81 -19.04
148.94 150 -19.04
146.34 154.47 -19.04
144.59 159.28 -19.04
143.64 164.38 -19.04
143.69 169.91 -19.04
143.83 175.3 -19.04
145.16 178.87 -19.04
151.11 181.15 -19.04
151.03 184.65 -19.04
148.05 189.47 -19.04
145.92 194.42 -19.04
144.6 199.47 -19.04
144.41 204.59 -19.04
144.65 209.83 -19.04
145.1 215 -19.04
145.82 219.89 -19.04
147.91 224.54 -19.04
150.84 229.03 -19.04
153.69 233.39 -19.04
156.66 237.63 -19.04
159.87 241.65 -19.04
163.33 245.51 -19.04
167.08 249.06 -19.04
171.16 252.24 -19.04
175.59 255.17 -19.04
180.26 256.99 -19.04
185.3 257.89 -19.04
189.02 258.02 -28.56
194.02 257.8 -28.56
199.1 257.42 -28.56
204.06 256.85 -28.56
204.06 256.85 -28.56
208.97 255.83 -28.56
208.97 255.83 -28.56
213.34 253.38 -28.56
217.53 250.68 -28.56
221.63 247.76 -28.56
225.39 244.5 -28.56
228.36 240.58 -28.56
231.04 236.29 -28.56
234.11 232.26 -28.56
237.43 228.36 -28.56
239.41 224.07 -28.56
240.48 219.27 -28.56
241.32 214.23 -28.56
242.31 209.26 -28.56
243.61 204.44 -28.56
244.96 199.63 -28.56
246.36 194.83 -28.56
247.54 189.98 -28.56
248.39 185.06 -28.56
249.47 180.18 -28.56
251.14 175.38 -28.56
252.17 170.54 -28.56
252.11 165.5 -28.56
251.62 160.72 -28.56
248.86 156.41 -28.56
246.56 151.93 -28.56
244.81 147.24 -28.56
243 142.34 -28.56
240.93 137.84 -28.56
237.31 135.36 -28.56
232.25 133.58 -28.56
227.41 131.84 -28.56
222.64 130.09 -28.56
217.76 129.69 -28.56
212.76 129.69 -28.56
207.75 129.67 -28.56
202.75 129.51 -28.56
197.76 129.24 -28.56
192.72 128.64 -28.56
187.74 127.99 -28.56
183.08 128.55 -28.56
178.58 131.02 -28.56
173.64 131.99 -28.56
168.76 132.98 -28.56
164.24 135.1 -28.56
160.26 138.13 -28.56
156.98 141.83 -28.56
154.17 146.11 -28.56
151.81 150.49 -28.56
149.74 155.1 -28.56
148.35 159.87 -28.56
147.34 165 -28.56
146.77 169.89 -28.56
148.52 173.9 -28.56
153.4 177.42 -28.56
156.91 180.88 -28.56
154.98 184.46 -28.56
150.9 188.22 -28.56
148.74 192.74 -28.56
147.69 197.59 -28.56
147.19 202.56 -28.56
146.91 207.59 -28.56
147.1 212.57 -28.56
148.15 217.54 -28.56
149.65 222.25 -28.56
152.13 226.54 -28.56
155.08 230.66 -28.56
157.98 234.73 -28.56
161.04 238.68 -28.56
164.21 242.58 -28.56
167.66 246.13 -28.56
171.55 249.24 -28.56
175.71 252.08 -28.56
179.95 254.85 -28.56
184.34 257.61 -28.56
190.24 257.03 -38.08
195.08 257.19 -38.08
199.93 257.28 -38.08
204.62 257.32 -38.08
204.62 257.32 -38.08
209.11 256.94 -38.08
213.52 255.15 -38.08
217.77 252.47 -38.08
221.76 249.49 -38.08
225.44 246.59 -38.08
228.89 243.17 -38.08
231.79 239.42 -38.08
234.12 235.38 -38.08
236.14 231 -38.08
237.85 226.5 -38.08
239.25 221.99 -38.08
240.37 217.35 -38.08
241.58 212.75 -38.08
243.35 208.31 -38.08
245.23 203.92 -38.08
246.26 199.35 -38.08
246.86 194.63 -38.08
247.43 189.88 -38.08
248.19 185.17 -38.08
249.05 180.46 -38.08
249.86 175.76 -38.08
250.46 171.05 -38.08
250.68 166.34 -38.08
250.39 161.44 -38.08
249.67 156.53 -38.08
248.7 152.11 -38.08
247.02 148.21 -38.08
243.99 144.37 -38.08
240.07 140.85 -38.08
235.74 137.94 -38.08
231.49 135.9 -38.08
227.27 134.5 -38.08
222.66 133.23 -38.08
217.84 132.2 -38.08
212.97 131.5 -38.08
208.22 131.23 -38.08
203.59 131.54 -38.08
198.96 132.46 -38.08
194.34 133.81 -38.08
189.75 135.44 -38.08
185.22 137.18 -38.08
180.75 138.88 -38.08
176.15 140.51 -38.08
171.33 142.26 -38.08
166.67 144.22 -38.08
162.54 146.49 -38.08
159.32 149.14 -38.08
156.88 152.79 -38.08
154.88 157.41 -38.08
153.39 162.09 -38.08
152.11 166.75 -38.08
151.08 171.5 -38.08
150.66 176.1 -38.08
152.58 180.39 -38.08
155.47 184.57 -38.08
155.24 188.85 -38.08
152.76 193.14 -38.08
149.84 197.24 -38.08
148.03 201.43 -38.08
148.16 205.99 -38.08
148.57 210.81 -38.08
149.2 215.66 -38.08
150 220.36 -38.08
151.33 224.8 -38.08
153.66 229.07 -38.08
156.24 233.05 -38.08
159.22 236.78 -38.08
162.5 240.28 -38.08
165.91 243.55 -38.08
169.56 246.62 -38.08
173.32 249.55 -38.08
177.15 252.36 -38.08
181.09 255.02 -38.08
181.09 255.02 -38.08
185.57 256.75 -38.08
192.28 256.63 -47.6
197.02 256.84 -47.6
201.72 256.86 -47.6
206.33 256.23 -47.6
210.92 255.07 -47.6
210.92 255.07 -47.6
210.92 255.07 -47.6
215 252.68 -47.6
218.88 250.05 -47.6
222.57 247.21 -47.6
226.08 244.18 -47.6
229.4 240.83 -47.6
232.37 237.26 -47.6
235.08 233.42 -47.6
237.48 229.37 -47.6
239.48 225.19 -47.6
241.32 220.83 -47.6
242.73 216.34 -47.6
243.46 211.77 -47.6
243.9 207.1 -47.6
244.87 202.56 -47.6
246.38 198.1 -47.6
248.03 193.72 -47.6
250.05 189.48 -47.6
251.99 185.23 -47.6
253.37 180.8 -47.6
254.52 176.25 -47.6
255.72 171.72 -47.6
257.46 167.29 -47.6
259.31 162.88 -47.6
259.85 158.43 -47.6
258.54 153.74 -47.6
256.44 149.94 -47.6
253.03 146.71 -47.6
248.85 143.97 -47.6
244.68 141.83 -47.6
240.35 140.07 -47.6
235.81 138.67 -47.6
231.26 137.64 -47.6
226.63 136.84 -47.6
221.97 136.71 -47.6
217.3 136.71 -47.6
212.62 136.71 -47.6
207.92 136.83 -47.6
203.23 137.14 -47.6
198.64 137.6 -47.6
194.15 138.79 -47.6
189.75 140.59 -47.6
185.47 142.44 -47.6
181.3 144.57 -47.6
177.15 146.75 -47.6
172.84 148.78 -47.6
168.74 151 -47.6
165.24 153.89 -47.6
162.09 157.5 -47.6
159.53 161.41 -47.6
157.59 165.66 -47.6
156.04 170.09 -47.6
154.69 174.58 -47.6
153.62 179.14 -47.6
152.82 183.73 -47.6
152.11 188.37 -47.6
151.68 193.03 -47.6
151.64 197.7 -47.6
151.64 202.39 -47.6
151.64 207.08 -47.6
151.64 211.76 -47.6
151.64 216.39 -47.6
152.22 221.14 -47.6
153.47 225.8 -47.6
155.09 229.94 -47.6
158.17 233.41 -47.6
161.68 236.68 -47.6
165.06 239.91 -47.6
168.54 243.03 -47.6
172.09 246.1 -47.6
175.71 249.09 -47.6
179.49 251.81 -47.6
183.49 254.48 -47.6
187.73 256.26 -47.6
194.27 252.07 -57.12
198.62 252.6 -57.12
202.98 252.96 -57.12
207.17 253.09 -57.12
211.16 252.22 -57.12
211.16 252.22 -57.12
215.02 250.1 -57.12
218.73 247.25 -57.12
218.73 247.25 -57.12
222.31 244.81 -57.12
225.72 242.19 -57.12
229.12 239.42 -57.12
232.39 236.48 -57.12
234.92 233.21 -57.12
236.8 229.42 -57.12
238.39 225.32 -57.12
239.85 221.18 -57.12
241.26 217.12 -57.12
242.56 213 -57.12
243.81 208.87 -57.12
245.05 204.74 -57.12
246.33 200.62 -57.12
247.59 196.49 -57.12
248.64 192.32 -57.12
249.59 188.11 -57.12
250.6 183.91 -57.12
251.81 179.77 -57.12
253.13 175.65 -57.12
254.36 171.52 -57.12
255.29 167.3 -57.12
256.13 162.8 -57.12
256.62 158.65 -57.12
255.31 155.23 -57.12
251.44 152.28 -57.12
247.58 150.1 -57.12
243.61 148.17 -57.12
239.39 146.86 -57.12
235.16 146.65 -57.12
230.84 146.75 -57.12
226.51 146.86 -57.12
222.19 146.98 -57.12
217.89 147.03 -57.12
213.58 146.58 -57.12
209.31 146.37 -57.12
205.06 147.18 -57.12
200.88 148.26 -57.12
196.78 149.63 -57.12
192.66 150.89 -57.12
188.36 151.77 -57.12
184.03 152.55 -57.12
179.93 153.57 -57.12
176.22 155.4 -57.12
172.79 158.22 -57.12
169.66 161.19 -57.12
166.77 164.39 -57.12
164.07 167.8 -57.12
161.54 171.3 -57.12
158.87 174.86 -57.12
156.38 178.54 -57.12
154.74 182.38 -57.12
153.98 186.44 -57.12
153.35 190.7 -57.12
152.89 195.07 -57.12
152.64 199.46 -57.12
152.64 203.78 -57.12
152.96 208.09 -57.12
153.41 212.38 -57.12
154.12 216.71 -57.12
155.13 220.8 -57.12
156.93 224.6 -57.12
159.46 228.2 -57.12
162.24 231.66 -57.12
164.93 235.05 -57.12
167.85 238.29 -57.12
171.1 240.99 -57.12
174.81 243.19 -57.12
178.62 245.31 -57.12
182.24 247.73 -57.12
185.97 249.79 -57.12
190.05 251.25 -57.12
196.12 247.68 -66.64
200.19 247.35 -66.64
204.16 246.83 -66.64
208.08 245.87 -66.64
211.96 244.55 -66.64
211.96 244.55 -66.64
215.78 242.92 -66.64
219.55 241.05 -66.64
219.55 241.05 -66.64
223.7 238.92 -66.64
227.36 236.44 -66.64
230.27 233.64 -66.64
232.16 230.59 -66.64
233.14 227.08 -66.64
233.77 223 -66.64
234.35 218.72 -66.64
235.16 214.62 -66.64
236.59 210.86 -66.64
238.48 207.2 -66.64
240.13 203.46 -66.64
241.46 199.61 -66.64
242.84 195.77 -66.64
244.27 191.91 -66.64
246.16 188.38 -66.64
248.84 185.25 -66.64
250.81 181.69 -66.64
252.15 177.84 -66.64
253.18 173.84 -66.64
253.38 169.83 -66.64
252.97 165.79 -66.64
252.24 161.75 -66.64
251.37 157.73 -66.64
250.54 153.58 -66.64
249.48 149.48 -66.64
247.36 146.93 -66.64
243.45 144.89 -66.64
239.1 143.88 -66.64
235.13 143.91 -66.64
231.03 144.07 -66.64
226.9 144.3 -66.64
222.85 144.61 -66.64
218.84 145.23 -66.64
214.86 146.13 -66.64
210.89 147.2 -66.64
206.95 148.32 -66.64
203.01 149.4 -66.64
199.08 150.54 -66.64
195.21 151.82 -66.64
191.45 153.32 -66.64
187.71 155.06 -66.64
184.07 157.02 -66.64
180.63 159.19 -66.64
177.47 161.58 -66.64
174.51 164.34 -66.64
171.7 167.36 -66.64
169.02 170.52 -66.64
166.41 173.67 -66.64
163.73 176.83 -66.64
161.19 180.1 -66.64
159.16 183.55 -66.64
157.55 187.26 -66.64
156.15 191.21 -66.64
155.44 195.22 -66.64
155.52 199.27 -66.64
155.85 203.41 -66.64
156.36 207.46 -66.64
157.3 211.26 -66.64
159.4 214.85 -66.64
161.34 218.48 -66.64
163 222.23 -66.64
164.73 225.92 -66.64
166.76 229.41 -66.64
169.06 232.82 -66.64
171.57 236.08 -66.64
174.27 239.12 -66.64
177.21 241.98 -66.64
180.47 244.46 -66.64
184.08 246.31 -66.64
188.02 247.7 -66.64
192.01 247.88 -66.64
195.2 241.79 -76.16
198.51 241.87 -76.16
201.66 241.64 -76.16
204.76 240.94 -76.16
207.82 239.79 -76.16
207.82 239.79 -76.16
210.82 238.25 -76.16
213.75 236.35 -76.16
216.61 234.11 -76.16
219.4 231.59 -76.16
219.4 231.59 -76.16
221.08 228.55 -76.16
222.55 225.47 -76.16
223.75 222.33 -76.16
224.65 219.15 -76.16
225.18 215.94 -76.16
225.38 212.58 -76.16
225.49 209.11 -76.16
225.75 206.09 -76.16
227.61 203.69 -76.16
230.58 201.49 -76.16
233.13 199.09 -76.16
234.99 196.31 -76.16
236.58 193.3 -76.16
237.55 190.2 -76.16
238.26 186.99 -76.16
238.86 183.69 -76.16
239.3 180.33 -76.16
239.54 176.98 -76.16
239.55 173.52 -76.16
239.44 169.42 -76.16
239.24 165.02 -76.16
238.94 160.79 -76.16
238.56 157.19 -76.16
238.08 154.67 -76.16
237.53 153.7 -76.16
235.88 153.7 -76.16
232.58 153.71 -76.16
228.47 153.73 -76.16
224.38 153.75 -76.16
220.98 153.85 -76.16
217.74 154.45 -76.16
214.53 155.44 -76.16
211.35 156.65 -76.16
208.21 157.9 -76.16
205.12 159.1 -76.16
202.09 160.46 -76.16
199.09 161.94 -76.16
196.12 163.47 -76.16
193.14 164.97 -76.16
190.12 166.43 -76.16
187.12 167.93 -76.16
184.21 169.55 -76.16
181.47 171.35 -76.16
178.85 173.48 -76.16
176.64 175.9 -76.16
174.62 178.58 -76.16
172.72 181.47 -76.16
171.13 184.5 -76.16
170.02 187.6 -76.16
169.48 190.76 -76.16
169.14 194.08 -76.16
168.85 197.45 -76.16
168.47 200.78 -76.16
167.87 204.08 -76.16
167.27 207.37 -76.16
167.01 210.65 -76.16
167.2 214.01 -76.16
167.72 217.43 -76.16
168.48 220.8 -76.16
169.42 224 -76.16
170.47 226.91 -76.16
172.05 229.61 -76.16
174.33 232.17 -76.16
176.99 234.52 -76.16
179.71 236.57 -76.16
182.45 238.48 -76.16
185.44 240.23 -76.16
188.55 241.24 -76.16
191.81 241.57 -76.16
195.17 247.11 -85.68
197.58 247.04 -85.68
200.08 246.72 -85.68
202.48 246.22 -85.68
204.52 245.61 -85.68
206.36 244.51 -85.68
208.12 242.82 -85.68
209.72 240.75 -85.68
211.11 238.51 -85.68
212.23 236.29 -85.68
213.07 234.18 -85.68
213.75 231.94 -85.68
214.33 229.6 -85.68
214.85 227.21 -85.68
215.38 224.82 -85.68
215.97 222.49 -85.68
216.66 220.18 -85.68
217.42 217.86 -85.68
218.16 215.54 -85.68
218.84 213.22 -85.68
219.38 210.9 -85.68
219.71 208.58 -85.68
219.76 206.25 -85.68
219.48 203.84 -85.68
218.94 201.41 -85.68
218.23 199.07 -85.68
217.44 196.93 -85.68
216.46 194.87 -85.68
215.1 192.72 -85.68
213.43 190.63 -85.68
211.56 188.78 -85.68
209.58 187.3 -85.68
207.58 186.36 -85.68
205.52 185.92 -85.68
203.19 185.54 -85.68
200.67 185.22 -85.68
198.1 184.96 -85.68
195.57 184.77 -85.68
193.2 184.65 -85.68
191.11 184.62 -85.68
189.26 185.23 -85.68
187.57 186.63 -85.68
185.97 188.57 -85.68
184.41 190.79 -85.68
182.82 193.04 -85.68
181.16 195.07 -85.68
179.35 196.65 -85.68
177.34 197.98 -85.68
175.25 199.25 -85.68
173.25 200.56 -85.68
171.48 202.05 -85.68
169.67 203.72 -85.68
167.78 205.52 -85.68
165.97 207.43 -85.68
164.39 209.44 -85.68
163.2 211.5 -85.68
162.57 213.61 -85.68
162.51 215.74 -85.68
162.55 217.94 -85.68
162.67 220.22 -85.68
162.93 222.57 -85.68
163.38 224.98 -85.68
164.09 227.46 -85.68
165.09 230 -85.68
165.09 230 -85.68
166.51 232.18 -85.68
168.03 234.26 -85.68
169.63 236.21 -85.68
171.31 238 -85.68
173.06 239.59 -85.68
174.89 240.96 -85.68
176.78 242.07 -85.68
178.77 242.97 -85.68
180.91 243.85 -85.68
183.17 244.68 -85.68
185.52 245.43 -85.68
187.93 246.08 -85.68
190.36 246.6 -85.68
192.79 246.95 -85.68
195.17 247.11 -85.68
