220.74 183.83 0
223.93 186.26 0
226.75 189.25 0
229.37 192.59 0
231.96 195.93 0
234.71 198.93 0
237.81 201.22 0
241.88 202.82 0
242.83 201.37 0
243.26 197.06 0
243.63 191.75 0
244.33 187.27 0
245.92 183.49 0
247.74 179.76 0
248.76 175.9 0
249.29 171.87 0
249.59 167.77 0
249.56 163.66 0
249.29 159.48 0
248.83 155.47 0
247.69 151.9 0
244.96 148.67 0
242.5 145.3 0
240.58 141.67 0
238.59 138.12 0
236.18 134.69 0
233.37 131.44 0
230.16 129.86 0
226.39 128.91 0
222.24 128.17 0
217.96 127.67 0
213.79 127.46 0
209.83 127.76 0
205.9 128.77 0
201.99 130.15 0
198.08 131.57 0
194.17 132.79 0
190.27 134.08 0
186.31 134.82 0
182.24 135.08 0
178.18 135.42 0
174.17 136.16 0
170.16 136.88 0
166.03 137.26 0
161.81 137.5 0
157.77 137.82 0
154.11 138.53 0
150.59 140.76 0
147.53 143.89 0
145.33 147.13 0
143.67 150.94 0
142.24 154.81 0
140.81 158.71 0
140.33 162.68 0
140.4 166.76 0
140.54 170.85 0
140.87 175.66 0
141.53 179.49 0
143.65 180.62 0
148.32 181.28 0
152.83 181.47 0
156.38 179.91 0
159.82 177.24 0
163.43 175.26 0
167.19 173.52 0
171.04 171.86 0
174.95 170.55 0
178.91 169.85 0
182.91 169.9 0
187 170.31 0
191.04 170.87 0
195.06 171.77 0
198.89 173 0
202.48 174.84 0
205.86 177.26 0
205.86 177.26 0
205.86 177.26 0
209.82 178.38 0
213.6 179.82 0
217.24 181.64 0
219.07 183.41 -9.52
222.34 185.4 -9.52
225.23 187.87 -9.52
227.86 190.83 -9.52
230.55 193.73 -9.52
233.78 196.52 -9.52
237.38 199.36 -9.52
239.97 200.66 -9.52
241.52 199.26 -9.52
242.71 195.36 -9.52
243.19 189.37 -9.52
243.19 189.37 -9.52
243.68 185.48 -9.52
244.31 181.62 -9.52
245.11 177.81 -9.52
246.41 174.05 -9.52
247.83 170.32 -9.52
248.75 166.57 -9.52
248.69 162.77 -9.52
247.99 158.93 -9.52
246.97 155.08 -9.52
245.92 151.3 -9.52
244.86 147.36 -9.52
243.61 143.46 -9.52
242.04 140.07 -9.52
239.72 137.2 -9.52
236.33 134.55 -9.52
232.65 133.31 -9.52
228.97 133.33 -9.52
225.04 133.4 -9.52
221.02 133.51 -9.52
217.03 133.66 -9.52
213.18 134.09 -9.52
209.39 135.24 -9.52
205.61 136.44 -9.52
201.79 136.94 -9.52
197.9 136.77 -9.52
193.99 136.49 -9.52
190.08 136.34 -9.52
186.17 136.39 -9.52
182.26 136.51 -9.52
178.36 136.63 -9.52
174.45 136.75 -9.52
170.54 136.9 -9.52
166.64 137.1 -9.52
162.66 137.41 -9.52
158.79 137.96 -9.52
155.42 139.19 -9.52
152.27 141.68 -9.52
149.46 144.82 -9.52
147.1 147.94 -9.52
145.04 151.31 -9.52
143.49 154.94 -9.52
142.4 158.67 -9.52
141.52 162.55 -9.52
141.16 166.41 -9.52
141.6 170.47 -9.52
142.72 174.55 -9.52
144.24 177.93 -9.52
146.63 180.5 -9.52
150.44 182.59 -9.52
154.21 183.03 -9.52
157.99 181.95 -9.52
161.68 180.23 -9.52
164.9 178.01 -9.52
167.77 174.71 -9.52
170.69 172.09 -9.52
174.07 171.63 -9.52
177.95 171.67 -9.52
182.02 171.76 -9.52
185.95 171.91 -9.52
189.86 172.35 -9.52
193.74 173.06 -9.52
197.54 173.92 -9.52
201.23 175.02 -9.52
204.8 176.64 -9.52
204.8 176.64 -9.52
208.33 178.4 -9.52
211.92 180.02 -9.52
215.55 181.66 -9.52
217.67 182.09 -19.04
220.73 183.98 -19.04
223.8 185.83 -19.04
226.94 187.53 -19.04
230.26 189.16 -19.04
233.76 190.83 -19.04
237.04 191.86 -19.04
240.01 191.57 -19.04
243.19 189.86 -19.04
246.31 187.13 -19.04
249.01 183.77 -19.04
250.93 180.2 -19.04
251.71 176.83 -19.04
251.18 173.49 -19.04
250.27 169.86 -19.04
250.16 166.27 -19.04
250.46 162.62 -19.04
250.79 159.01 -19.04
250.89 155.6 -19.04
250.12 152.16 -19.04
248.48 148.73 -19.04
246.26 145.5 -19.04
243.77 142.67 -19.04
241.28 140.44 -19.04
238.27 138.76 -19.04
234.8 137.36 -19.04
231.41 135.99 -19.04
228.07 134.55 -19.04
224.66 133.63 -19.04
221.14 133.26 -19.04
217.54 133.02 -19.04
213.95 132.72 -19.04
210.43 132.05 -19.04
206.92 131.12 -19.04
203.41 130.64 -19.04
199.86 130.81 -19.04
196.29 131.22 -19.04
192.72 131.69 -19.04
189.16 132.1 -19.04
185.6 132.51 -19.04
182.05 132.98 -19.04
178.47 133.53 -19.04
174.86 134.15 -19.04
171.36 134.93 -19.04
168.1 135.97 -19.04
165.05 137.78 -19.04
162.19 140.12 -19.04
159.5 142.51 -19.04
156.91 145.03 -19.04
154.5 147.73 -19.04
152.39 150.58 -19.04
150.36 153.64 -19.04
148.72 156.89 -19.04
148.09 160.28 -19.04
147.78 163.87 -19.04
147.68 167.49 -19.04
147.87 171.92 -19.04
148.37 176.01 -19.04
149.21 177.2 -19.04
152.2 176.94 -19.04
156.56 176.4 -19.04
160.44 175.67 -19.04
163.52 173.73 -19.04
166.64 172 -19.04
170.14 171.54 -19.04
173.75 171.15 -19.04
177.27 170.37 -19.04
180.79 169.77 -19.04
184.37 169.85 -19.04
187.97 170.16 -19.04
191.49 170.61 -19.04
194.88 171.67 -19.04
198.22 173.08 -19.04
201.58 174.33 -19.04
204.93 175.59 -19.04
204.93 175.59 -19.04
208.28 176.86 -19.04
208.28 176.86 -19.04
211.43 178.56 -19.04
214.57 180.28 -19.04
218.73 181.51 -28.56
218.73 181.51 -28.56
222.02 182.74 -28.56
225.09 184.27 -28.56
227.96 186.02 -28.56
230.56 188.28 -28.56
232.86 191.43 -28.56
235.27 193.36 -28.56
238.45 192.86 -28.56
242.01 191.22 -28.56
244.26 189.17 -28.56
245.24 186.32 -28.56
245.93 182.68 -28.56
246.65 179.13 -28.56
247.68 175.84 -28.56
248.49 172.53 -28.56
248.57 169.14 -28.56
248.52 165.66 -28.56
248.42 162.27 -28.56
247.98 159.13 -28.56
246.27 156.22 -28.56
244.03 153.36 -28.56
242.21 150.39 -28.56
241.05 146.86 -28.56
240.04 143.23 -28.56
238.74 140.44 -28.56
236.5 139 -28.56
233.04 138.01 -28.56
229.41 137.19 -28.56
226.1 136.31 -28.56
222.77 135.44 -28.56
219.42 134.85 -28.56
216.04 134.73 -28.56
212.64 134.73 -28.56
209.23 134.73 -28.56
205.82 134.74 -28.56
202.41 134.85 -28.56
199.01 135.04 -28.56
195.61 135.27 -28.56
192.22 135.56 -28.56
188.84 135.99 -28.56
185.47 136.51 -28.56
182.11 137.1 -28.56
178.76 137.74 -28.56
175.43 138.52 -28.56
172.19 139.48 -28.56
169.01 140.77 -28.56
165.93 142.33 -28.56
163.06 144.08 -28.56
160.18 146.11 -28.56
157.46 148.45 -28.56
155.37 151.02 -28.56
154.01 153.84 -28.56
152.78 157.02 -28.56
151.75 160.43 -28.56
151.05 163.91 -28.56
150.78 167.32 -28.56
151.15 170.92 -28.56
152.08 174.33 -28.56
153.63 176.63 -28.56
156.83 178.54 -28.56
160.36 179.48 -28.56
163.37 178.71 -28.56
166.35 176.7 -28.56
169.36 174.57 -28.56
172.5 173.46 -28.56
175.83 173.26 -28.56
179.29 173.14 -28.56
182.71 172.98 -28.56
186.12 172.77 -28.56
189.52 172.64 -28.56
192.89 172.88 -28.56
196.25 173.58 -28.56
199.57 174.44 -28.56
202.84 175.3 -28.56
206.08 176.28 -28.56
209.29 177.4 -28.56
209.29 177.4 -28.56
212.48 178.65 -28.56
215.62 180.02 -28.56
220.19 182.02 -38.08
223.19 183.7 -38.08
226.16 185.45 -38.08
229.07 187.27 -38.08
231.99 189.52 -38.08
234.94 192.22 -38.08
237.73 194.52 -38.08
240.18 195.57 -38.08
242.41 194.5 -38.08
244.59 191.55 -38.08
246.38 187.73 -38.08
247.46 184.06 -38.08
247.97 180.81 -38.08
248.4 177.41 -38.08
248.73 173.91 -38.08
248.96 170.39 -38.08
249.06 166.94 -38.08
248.95 163.5 -38.08
248.45 159.9 -38.08
247.62 156.28 -38.08
246.53 152.79 -38.08
245.25 149.55 -38.08
243.85 146.73 -38.08
242.22 144.36 -38.08
239.78 142.12 -38.08
236.74 140.08 -38.08
233.38 138.32 -38.08
230.01 136.97 -38.08
226.81 136.04 -38.08
223.51 135.2 -38.08
220.09 134.45 -38.08
216.62 133.83 -38.08
213.14 133.37 -38.08
209.72 133.13 -38.08
206.39 133.2 -38.08
203.11 133.95 -38.08
199.87 135.17 -38.08
196.63 136.63 -38.08
193.39 138.04 -38.08
190.12 139.17 -38.08
186.79 140.13 -38.08
183.43 141.03 -38.08
180.1 141.98 -38.08
176.85 143.03 -38.08
173.72 144.28 -38.08
170.45 145.78 -38.08
167.11 147.51 -38.08
164 149.47 -38.08
161.42 151.62 -38.08
159.65 153.95 -38.08
158.25 156.7 -38.08
156.96 159.89 -38.08
155.84 163.36 -38.08
154.95 166.96 -38.08
154.37 170.55 -38.08
154.16 173.96 -38.08
154.66 177.91 -38.08
155.88 182.01 -38.08
157.43 184.46 -38.08
159.19 184.11 -38.08
161.58 182.17 -38.08
164.44 179.43 -38.08
167.56 176.64 -38.08
170.73 174.55 -38.08
173.88 173.53 -38.08
177.27 172.73 -38.08
180.75 172.28 -38.08
184.17 172.25 -38.08
187.59 172.32 -38.08
191.03 172.56 -38.08
194.48 173.06 -38.08
194.48 173.06 -38.08
197.99 173.34 -38.08
201.4 173.92 -38.08
204.73 174.69 -38.08
207.96 175.61 -38.08
207.96 175.61 -38.08
211.07 177.04 -38.08
214.12 178.75 -38.08
217.15 180.39 -38.08
221.47 182.8 -47.6
224.59 184.52 -47.6
227.81 186.2 -47.6
230.86 188.03 -47.6
233.4 190.52 -47.6
235.46 194.1 -47.6
237.8 195.3 -47.6
241.14 193.45 -47.6
243.67 190.62 -47.6
244.47 187.64 -47.6
244.95 184.05 -47.6
245.38 180.26 -47.6
246.01 176.69 -47.6
246.97 173.27 -47.6
248.08 169.87 -47.6
249.11 166.47 -47.6
249.92 163.01 -47.6
250.69 159.43 -47.6
251.33 155.86 -47.6
251.64 152.45 -47.6
250.77 149.09 -47.6
248.49 146 -47.6
245.9 143.93 -47.6
242.52 142.39 -47.6
239.06 141.55 -47.6
235.61 140.98 -47.6
232.08 140.49 -47.6
228.51 140.11 -47.6
224.92 139.86 -47.6
221.34 139.74 -47.6
217.78 139.75 -47.6
214.2 139.79 -47.6
210.61 139.86 -47.6
207.05 139.96 -47.6
203.54 140.09 -47.6
200.12 140.44 -47.6
196.79 141.55 -47.6
193.49 143.08 -47.6
190.17 144.59 -47.6
186.78 145.69 -47.6
183.29 146.58 -47.6
179.96 147.65 -47.6
176.86 149.26 -47.6
173.89 151.29 -47.6
170.99 153.42 -47.6
168.11 155.5 -47.6
165.29 157.66 -47.6
162.52 159.9 -47.6
162.52 159.9 -47.6
161.65 163.36 -47.6
160.66 166.78 -47.6
159.56 170.16 -47.6
158.4 173.51 -47.6
157.06 176.8 -47.6
155.79 180.12 -47.6
154.74 183.52 -47.6
154 187.75 -47.6
153.5 191.41 -47.6
153.76 191.34 -47.6
155.3 189.34 -47.6
157.79 186.26 -47.6
160.85 182.77 -47.6
164.12 179.51 -47.6
167.22 177.13 -47.6
170.34 175.54 -47.6
173.76 174.31 -47.6
177.2 173.6 -47.6
180.72 173.02 -47.6
184.29 172.55 -47.6
187.85 172.27 -47.6
191.36 172.24 -47.6
194.84 172.77 -47.6
198.31 173.74 -47.6
201.74 174.83 -47.6
205.14 175.85 -47.6
208.53 176.97 -47.6
208.53 176.97 -47.6
211.86 178.22 -47.6
215.13 179.58 -47.6
218.33 181.12 -47.6
218.96 184.33 -57.12
221.9 185.8 -57.12
224.72 187.39 -57.12
227.4 189.29 -57.12
229.92 191.98 -57.12
232.38 194.24 -57.12
234.88 194.71 -57.12
237.67 193.18 -57.12
240.34 190.58 -57.12
242.29 187.83 -57.12
243.51 185.07 -57.12
244.47 181.93 -57.12
245.28 178.62 -57.12
246.02 175.38 -57.12
246.83 172.21 -57.12
247.62 169.02 -57.12
248.2 165.81 -57.12
248.37 162.6 -57.12
248.1 158.97 -57.12
247.52 155.4 -57.12
246.71 152.76 -57.12
245.08 151.22 -57.12
241.95 149.94 -57.12
238.2 149.03 -57.12
234.71 148.63 -57.12
231.5 148.47 -57.12
228.24 148.36 -57.12
224.96 148.28 -57.12
221.7 148.24 -57.12
218.48 148.38 -57.12
215.26 148.86 -57.12
212.05 149.53 -57.12
208.86 150.22 -57.12
205.7 150.92 -57.12
202.55 151.73 -57.12
199.4 152.58 -57.12
196.26 153.41 -57.12
193.07 154.15 -57.12
189.85 154.83 -57.12
186.68 155.58 -57.12
183.63 156.52 -57.12
180.73 157.84 -57.12
177.92 159.54 -57.12
175.19 161.41 -57.12
172.53 163.29 -57.12
169.86 165.23 -57.12
167.35 167.33 -57.12
165.2 169.64 -57.12
163.26 172.23 -57.12
161.5 175.04 -57.12
159.93 177.95 -57.12
158.6 180.88 -57.12
157.4 183.85 -57.12
156.29 186.89 -57.12
155.31 190 -57.12
154.47 193.18 -57.12
153.81 196.43 -57.12
153.81 196.43 -57.12
156.36 194.42 -57.12
158.93 192.43 -57.12
161.53 190.48 -57.12
164.14 188.52 -57.12
166.74 186.49 -57.12
169.38 184.55 -57.12
172.12 182.85 -57.12
175 181.46 -57.12
178.02 180.12 -57.12
181.14 179.01 -57.12
184.3 178.34 -57.12
187.49 178.09 -57.12
190.76 177.9 -57.12
194.04 177.76 -57.12
197.3 177.69 -57.12
200.49 177.78 -57.12
203.66 178.41 -57.12
206.79 179.43 -57.12
206.79 179.43 -57.12
209.89 180.63 -57.12
212.94 181.81 -57.12
215.96 183 -57.12
215.87 189.16 -66.64
218.64 191.5 -66.64
221.42 193.67 -66.64
224.3 195.22 -66.64
227.37 195.68 -66.64
230.83 195.68 -66.64
234 195.65 -66.64
236.77 194.6 -66.64
239.38 192.4 -66.64
241.8 189.52 -66.64
243.99 186.45 -66.64
245.94 183.65 -66.64
248 180.83 -66.64
249.73 177.8 -66.64
250.4 174.68 -66.64
250.36 171.41 -66.64
250.25 167.99 -66.64
250.09 164.54 -66.64
249.86 161.16 -66.64
249.56 157.96 -66.64
248.53 154.6 -66.64
246.62 151.4 -66.64
244.37 149.32 -66.64
241.62 148.21 -66.64
238.18 147.35 -66.64
234.61 146.91 -66.64
231.31 147.01 -66.64
228.02 147.49 -66.64
224.72 148.2 -66.64
221.41 148.95 -66.64
218.11 149.58 -66.64
214.79 150.08 -66.64
211.48 150.56 -66.64
208.18 151.1 -66.64
204.91 151.78 -66.64
201.63 152.57 -66.64
198.39 153.48 -66.64
195.21 154.53 -66.64
192.15 155.74 -66.64
189.17 157.3 -66.64
186.29 159.06 -66.64
183.51 160.9 -66.64
180.75 162.85 -66.64
178.08 164.92 -66.64
175.56 167.12 -66.64
173.23 169.46 -66.64
171.1 172.01 -66.64
169.09 174.73 -66.64
167.17 177.49 -66.64
165.28 180.24 -66.64
163.43 183.03 -66.64
161.64 185.86 -66.64
159.91 188.73 -66.64
158.25 191.65 -66.64
158.25 191.65 -66.64
158.28 197.44 -66.64
158.37 201.93 -66.64
158.52 205.05 -66.64
158.72 206.71 -66.64
159.05 206.75 -66.64
160.14 204.71 -66.64
161.91 201.31 -66.64
164.05 197.48 -66.64
166.3 194.18 -66.64
168.6 191.88 -66.64
171.31 189.84 -66.64
174.24 188.05 -66.64
177.19 186.45 -66.64
180.26 184.82 -66.64
183.44 183.84 -66.64
186.68 183.79 -66.64
190.02 183.79 -66.64
193.41 183.79 -66.64
196.79 183.79 -66.64
200.13 183.83 -66.64
203.48 184.25 -66.64
206.8 184.99 -66.64
206.8 184.99 -66.64
210 185.87 -66.64
213.01 187.13 -66.64
211.7 192.06 -76.16
214.04 192.48 -76.16
216.33 192.96 -76.16
218.57 193.62 -76.16
220.84 194.84 -76.16
223.07 196.28 -76.16
225.15 197.46 -76.16
226.97 197.91 -76.16
228.67 197.35 -76.16
230.35 195.94 -76.16
231.95 193.92 -76.16
233.4 191.5 -76.16
234.65 188.92 -76.16
235.61 186.39 -76.16
236.25 184.14 -76.16
236.75 181.93 -76.16
237.21 179.63 -76.16
237.61 177.25 -76.16
237.94 174.84 -76.16
238.19 172.42 -76.16
238.33 170.02 -76.16
238.34 167.62 -76.16
238.22 164.73 -76.16
237.98 161.62 -76.16
237.62 158.75 -76.16
237.16 156.59 -76.16
236.63 155.59 -76.16
235.61 155.59 -76.16
233.58 155.67 -76.16
230.91 155.78 -76.16
227.97 155.92 -76.16
225.14 156.09 -76.16
222.7 156.27 -76.16
220.33 156.54 -76.16
217.97 156.89 -76.16
215.64 157.32 -76.16
213.38 157.84 -76.16
211.18 158.6 -76.16
209.01 159.57 -76.16
206.87 160.65 -76.16
204.74 161.76 -76.16
202.59 162.82 -76.16
200.4 163.75 -76.16
198.14 164.59 -76.16
195.86 165.4 -76.16
193.6 166.23 -76.16
191.4 167.12 -76.16
189.32 168.12 -76.16
187.4 169.3 -76.16
185.6 170.75 -76.16
183.88 172.39 -76.16
182.21 174.16 -76.16
180.57 175.95 -76.16
178.93 177.69 -76.16
177.05 179.35 -76.16
175.05 181.01 -76.16
173.51 182.77 -76.16
172.91 184.72 -76.16
172.62 186.86 -76.16
172.4 189.17 -76.16
172.26 191.65 -76.16
172.22 194.29 -76.16
172.22 194.29 -76.16
174.4 193.12 -76.16
176.62 192.05 -76.16
178.86 191.14 -76.16
181.12 190.44 -76.16
183.41 189.99 -76.16
185.71 189.85 -76.16
188.05 189.85 -76.16
190.43 189.85 -76.16
192.82 189.85 -76.16
195.19 189.86 -76.16
197.55 190.03 -76.16
199.9 190.33 -76.16
202.25 190.69 -76.16
204.6 191.05 -76.16
206.96 191.37 -76.16
209.33 191.7 -76.16
211.7 192.06 -76.16
