199.55 256.27 0
203.07 256.42 0
206.51 256.05 0
209.92 254.88 0
213.27 253.25 0
216.55 251.47 0
219.78 249.84 0
223.03 248.12 0
226.14 246.2 0
228.88 244.03 0
231.36 241.47 0
233.63 238.54 0
235.57 235.42 0
237.09 232.24 0
238.52 228.89 0
239.79 225.39 0
240.67 221.85 0
240.94 218.33 0
240.62 214.75 0
239.89 211.11 0
238.85 207.53 0
237.65 204.18 0
236.17 201.15 0
233.88 198.37 0
231.23 195.71 0
228.71 193.05 0
226.31 190.27 0
223.79 187.66 0
221.01 185.58 0
217.86 183.91 0
214.51 182.42 0
211.17 180.95 0
207.91 179.38 0
204.66 177.76 0
201.38 176.2 0
198.06 174.83 0
194.67 173.73 0
191.2 172.74 0
187.65 171.89 0
184.08 171.5 0
180.44 171.55 0
176.76 171.71 0
173.28 171.96 0
170.03 172.79 0
166.9 174.56 0
163.89 176.9 0
161.01 179.46 0
158.29 181.9 0
155.69 184.38 0
153.25 187.08 0
150.99 189.89 0
148.91 192.8 0
146.97 195.84 0
145.2 199.02 0
145.2 199.02 0
145.36 202.62 0
145.43 206.22 0
145.41 209.83 0
145.27 213.47 0
145.24 217 0
146.16 220.42 0
147.82 223.77 0
149.55 226.99 0
151.27 230.16 0
153.19 233.26 0
155.29 236.24 0
157.52 239.03 0
159.9 241.71 0
162.48 244.41 0
165.24 246.94 0
168.14 249.09 0
171.18 250.68 0
174.45 251.87 0
177.96 252.87 0
181.57 253.68 0
185.15 254.33 0
188.72 254.91 0
192.33 255.46 0
195.95 255.93 0
195.95 255.93 0
199 254.3 -9.52
202.33 253.76 -9.52
205.65 252.94 -9.52
208.97 251.81 -9.52
212.3 250.35 -9.52
212.3 250.35 -9.52
215.31 248.71 -9.52
218.14 246.84 -9.52
220.83 244.72 -9.52
223.33 242.39 -9.52
225.62 239.9 -9.52
227.78 237.22 -9.52
229.78 234.42 -9.52
231.55 231.52 -9.52
233.11 228.52 -9.52
234.52 225.39 -9.52
235.78 222.2 -9.52
236.91 218.97 -9.52
238.12 215.61 -9.52
239.16 212.24 -9.52
239.67 209.05 -9.52
239.12 206.1 -9.52
237.29 203.28 -9.52
234.73 200.57 -9.52
232.02 197.99 -9.52
229.64 195.5 -9.52
227.22 193.07 -9.52
224.67 190.72 -9.52
222.01 188.54 -9.52
219.27 186.59 -9.52
216.44 184.77 -9.52
213.5 182.92 -9.52
210.48 181.12 -9.52
207.38 179.45 -9.52
204.22 177.97 -9.52
201.01 176.76 -9.52
197.78 175.88 -9.52
194.53 175.37 -9.52
191.14 174.96 -9.52
187.65 174.61 -9.52
184.15 174.33 -9.52
180.72 174.13 -9.52
177.42 174.05 -9.52
174.29 174.35 -9.52
171.23 175.55 -9.52
168.24 177.41 -9.52
165.34 179.65 -9.52
162.54 182 -9.52
159.85 184.18 -9.52
157.12 186.34 -9.52
154.5 188.7 -9.52
152.38 191.28 -9.52
150.83 194.14 -9.52
149.47 197.34 -9.52
148.41 200.7 -9.52
147.82 204.05 -9.52
147.49 207.44 -9.52
147.25 210.88 -9.52
147.14 214.28 -9.52
147.45 217.62 -9.52
148.36 220.95 -9.52
149.66 224.22 -9.52
151.09 227.36 -9.52
152.57 230.35 -9.52
154.41 233.32 -9.52
156.54 236.11 -9.52
158.86 238.57 -9.52
161.4 240.61 -9.52
164.33 242.35 -9.52
167.42 243.98 -9.52
170.45 245.65 -9.52
173.34 247.56 -9.52
176.2 249.53 -9.52
179.14 251.2 -9.52
182.26 252.32 -9.52
185.56 253.32 -9.52
188.94 254.12 -9.52
192.34 254.57 -9.52
195.68 254.57 -9.52
195.68 254.57 -9.52
200.78 257.53 -19.04
204.43 257.81 -19.04
204.43 257.81 -19.04
208.02 256.9 -19.04
211.45 255.67 -19.04
214.72 254.2 -19.04
217.9 252.29 -19.04
220.76 250.06 -19.04
223.27 247.54 -19.04
225.59 244.69 -19.04
227.74 241.66 -19.04
229.77 238.58 -19.04
231.69 235.51 -19.04
233.52 232.33 -19.04
235.21 229.08 -19.04
236.73 225.79 -19.04
238.14 222.43 -19.04
239.44 219.01 -19.04
240.61 215.55 -19.04
241.69 212.02 -19.04
242.79 208.36 -19.04
243.37 204.92 -19.04
241.68 201.99 -19.04
238.9 199.31 -19.04
236.32 196.73 -19.04
233.61 194.27 -19.04
230.82 191.94 -19.04
227.94 189.67 -19.04
224.98 187.5 -19.04
221.92 185.52 -19.04
218.77 183.78 -19.04
215.51 182.19 -19.04
212.15 180.72 -19.04
208.74 179.35 -19.04
205.32 178.05 -19.04
201.9 176.76 -19.04
198.46 175.34 -19.04
194.99 173.93 -19.04
191.5 172.72 -19.04
187.98 171.87 -19.04
184.45 171.57 -19.04
180.81 171.69 -19.04
177.08 172.01 -19.04
173.34 172.5 -19.04
169.71 173.16 -19.04
166.29 173.96 -19.04
163.13 175.36 -19.04
160.24 177.81 -19.04
157.47 180.24 -19.04
154.72 182.85 -19.04
152.28 185.65 -19.04
150.46 188.63 -19.04
149.18 191.88 -19.04
148.11 195.41 -19.04
147.25 199.07 -19.04
146.59 202.68 -19.04
145.99 206.3 -19.04
145.58 209.94 -19.04
145.64 213.53 -19.04
146.4 217.15 -19.04
147.61 220.69 -19.04
148.96 224 -19.04
150.75 227.04 -19.04
153.05 229.91 -19.04
155.53 232.72 -19.04
157.82 235.62 -19.04
159.86 238.7 -19.04
161.87 241.81 -19.04
164.04 244.7 -19.04
166.54 247.23 -19.04
169.37 249.69 -19.04
172.45 251.88 -19.04
175.67 253.49 -19.04
179.01 254.45 -19.04
182.57 255.19 -19.04
186.25 255.79 -19.04
189.92 256.29 -19.04
193.53 256.76 -19.04
197.15 257.18 -19.04
197.15 257.18 -19.04
201.94 256.44 -28.56
205.35 255.58 -28.56
208.76 254.41 -28.56
208.76 254.41 -28.56
211.96 252.87 -28.56
214.99 251.12 -28.56
217.87 249.19 -28.56
220.58 247.05 -28.56
223.13 244.64 -28.56
225.54 242.1 -28.56
227.83 239.47 -28.56
230 236.71 -28.56
232.05 233.88 -28.56
234.16 231.01 -28.56
236.42 228.1 -28.56
238.35 225.09 -28.56
239.45 221.96 -28.56
239.78 218.63 -28.56
240.02 215.1 -28.56
240.17 211.53 -28.56
240.2 208.07 -28.56
239.57 204.63 -28.56
238.27 201.23 -28.56
236.63 198.05 -28.56
234.88 195.25 -28.56
232.56 192.68 -28.56
229.82 190.32 -28.56
226.92 188.2 -28.56
224.04 186.3 -28.56
220.98 184.6 -28.56
217.82 183.05 -28.56
214.63 181.61 -28.56
211.42 180.24 -28.56
208.15 178.97 -28.56
204.84 177.88 -28.56
201.49 176.84 -28.56
198.1 175.86 -28.56
194.67 175.19 -28.56
191.22 175 -28.56
187.73 174.92 -28.56
184.22 174.87 -28.56
180.74 174.86 -28.56
177.23 175.15 -28.56
173.74 175.74 -28.56
170.34 176.51 -28.56
167.06 177.46 -28.56
163.81 178.96 -28.56
160.75 180.85 -28.56
158.08 182.92 -28.56
155.57 185.37 -28.56
153.26 188.22 -28.56
151.43 191.27 -28.56
150.27 194.38 -28.56
149.31 197.7 -28.56
148.53 201.19 -28.56
148.03 204.73 -28.56
147.91 208.22 -28.56
148.09 211.75 -28.56
148.46 215.25 -28.56
149.01 218.55 -28.56
150.31 221.72 -28.56
152.16 224.78 -28.56
154.24 227.77 -28.56
156.22 230.68 -28.56
158.22 233.53 -28.56
160.36 236.31 -28.56
162.61 239.01 -28.56
164.91 241.62 -28.56
167.3 244.19 -28.56
169.8 246.65 -28.56
172.45 248.89 -28.56
175.27 251.04 -28.56
178.24 253.04 -28.56
181.35 254.48 -28.56
184.62 255.38 -28.56
188.06 256.17 -28.56
191.58 256.75 -28.56
195.08 257.03 -28.56
198.51 256.93 -28.56
198.51 256.93 -28.56
201.39 255.9 -38.08
201.39 255.9 -38.08
201.39 255.9 -38.08
204.98 255.72 -38.08
208.42 255.26 -38.08
211.7 254.62 -38.08
214.84 253.23 -38.08
217.81 251.21 -38.08
220.55 249.11 -38.08
223.11 246.74 -38.08
225.5 244.18 -38.08
227.73 241.53 -38.08
229.84 238.75 -38.08
231.76 235.84 -38.08
233.49 232.85 -38.08
235.18 229.75 -38.08
236.64 226.55 -38.08
237.67 223.28 -38.08
238.32 219.91 -38.08
238.82 216.45 -38.08
239.13 212.97 -38.08
239.33 209.43 -38.08
239.47 205.92 -38.08
239.4 202.68 -38.08
238.34 199.53 -38.08
236.39 196.46 -38.08
233.91 193.57 -38.08
231.21 190.96 -38.08
228.64 188.72 -38.08
225.9 186.83 -38.08
222.81 185.16 -38.08
219.57 183.62 -38.08
216.39 182.09 -38.08
213.29 180.44 -38.08
210.18 178.76 -38.08
207.03 177.24 -38.08
203.81 176.11 -38.08
200.49 175.36 -38.08
197.08 174.68 -38.08
193.62 174.12 -38.08
190.13 173.73 -38.08
186.65 173.56 -38.08
183.15 173.66 -38.08
179.61 173.95 -38.08
176.18 174.39 -38.08
172.96 175.04 -38.08
169.84 176.5 -38.08
166.86 178.56 -38.08
164.06 180.86 -38.08
161.5 183.12 -38.08
159.11 185.64 -38.08
156.89 188.39 -38.08
154.86 191.24 -38.08
152.8 194.14 -38.08
150.74 197.18 -38.08
149.52 200.34 -38.08
149.44 203.66 -38.08
149.44 207.17 -38.08
149.44 210.7 -38.08
149.64 214.13 -38.08
150.47 217.54 -38.08
151.59 220.87 -38.08
152.78 224.11 -38.08
154.28 227.26 -38.08
155.98 230.31 -38.08
157.8 233.26 -38.08
159.81 236.12 -38.08
162 238.82 -38.08
164.4 241.28 -38.08
167.03 243.57 -38.08
169.71 245.81 -38.08
172.35 248.11 -38.08
175.06 250.32 -38.08
177.91 252.22 -38.08
180.97 254.14 -38.08
184.17 255.7 -38.08
187.45 256.13 -38.08
190.81 256.13 -38.08
194.25 256.1 -38.08
197.77 256.03 -38.08
201.64 255 -47.6
201.64 255 -47.6
204.97 254.5 -47.6
208.28 253.65 -47.6
211.5 252.57 -47.6
214.58 251.39 -47.6
217.47 249.91 -47.6
220.22 247.92 -47.6
222.86 245.81 -47.6
225.45 243.67 -47.6
227.93 241.4 -47.6
230.18 238.98 -47.6
232.28 236.38 -47.6
234.24 233.63 -47.6
235.96 230.75 -47.6
237.49 227.79 -47.6
239.01 224.69 -47.6
240.02 221.5 -47.6
240.12 218.24 -47.6
239.94 214.86 -47.6
239.64 211.52 -47.6
239.07 208.33 -47.6
237.88 205.2 -47.6
236.3 202.14 -47.6
234.55 199.21 -47.6
232.81 196.38 -47.6
230.86 193.56 -47.6
228.66 190.93 -47.6
226.27 188.76 -47.6
223.55 187.07 -47.6
220.49 185.64 -47.6
217.32 184.33 -47.6
214.23 183 -47.6
211.15 181.69 -47.6
208.06 180.44 -47.6
204.94 179.24 -47.6
201.81 177.95 -47.6
198.68 176.54 -47.6
195.51 175.43 -47.6
192.29 175.03 -47.6
188.96 175.09 -47.6
185.57 175.26 -47.6
182.24 175.51 -47.6
179.03 175.98 -47.6
175.91 177.2 -47.6
172.87 178.82 -47.6
169.95 180.44 -47.6
167.11 182.24 -47.6
164.41 184.24 -47.6
161.87 186.4 -47.6
159.31 188.75 -47.6
157.07 191.31 -47.6
155.57 194.07 -47.6
154.4 197.16 -47.6
153.45 200.47 -47.6
152.91 203.84 -47.6
152.89 207.15 -47.6
153.13 210.47 -47.6
153.52 213.82 -47.6
154.01 217.14 -47.6
154.54 220.42 -47.6
155.29 223.66 -47.6
156.22 226.88 -47.6
157.28 230.07 -47.6
157.28 230.07 -47.6
159.21 232.85 -47.6
161.3 235.47 -47.6
163.53 237.93 -47.6
165.92 240.21 -47.6
168.52 242.34 -47.6
171.2 244.34 -47.6
173.95 246.22 -47.6
176.77 248.02 -47.6
179.58 249.9 -47.6
182.37 252.09 -47.6
185.22 253.87 -47.6
188.25 254.56 -47.6
191.51 254.8 -47.6
194.92 254.98 -47.6
198.32 255.07 -47.6
202.68 252.06 -57.12
205.59 251.94 -57.12
208.5 251.17 -57.12
211.37 249.95 -57.12
214.15 248.48 -57.12
216.78 247.01 -57.12
219.24 245.38 -57.12
221.58 243.45 -57.12
223.85 241.37 -57.12
226.11 239.33 -57.12
228.47 237.33 -57.12
230.66 235.22 -57.12
232.3 232.84 -57.12
233.68 230.12 -57.12
234.74 227.22 -57.12
235.38 224.3 -57.12
235.88 221.31 -57.12
236.21 218.27 -57.12
236.24 215.28 -57.12
235.81 212.28 -57.12
235.06 209.29 -57.12
234.15 206.4 -57.12
233.14 203.61 -57.12
231.8 200.81 -57.12
230.17 198.13 -57.12
228.37 195.71 -57.12
226.44 193.65 -57.12
224.19 191.77 -57.12
221.68 190.01 -57.12
218.99 188.41 -57.12
216.21 186.96 -57.12
213.44 185.67 -57.12
210.7 184.51 -57.12
207.87 183.38 -57.12
204.99 182.35 -57.12
202.06 181.49 -57.12
199.11 180.87 -57.12
196.14 180.5 -57.12
193.11 180.19 -57.12
190.08 179.97 -57.12
187.09 179.9 -57.12
184.14 180.25 -57.12
181.2 181.1 -57.12
178.32 182.25 -57.12
175.52 183.52 -57.12
172.81 184.77 -57.12
170.04 186.22 -57.12
167.33 187.89 -57.12
164.87 189.76 -57.12
162.83 191.77 -57.12
161.14 194.01 -57.12
159.46 196.61 -57.12
157.97 199.45 -57.12
156.84 202.42 -57.12
156.27 205.39 -57.12
156.23 208.3 -57.12
156.3 211.28 -57.12
156.54 214.31 -57.12
157.03 217.4 -57.12
157.03 217.4 -57.12
158.13 220.26 -57.12
159.38 223.03 -57.12
160.76 225.7 -57.12
162.27 228.26 -57.12
163.94 230.81 -57.12
165.77 233.28 -57.12
167.75 235.62 -57.12
169.85 237.73 -57.12
172.15 239.58 -57.12
174.71 241.23 -57.12
177.36 242.76 -57.12
179.98 244.28 -57.12
182.62 245.83 -57.12
185.31 247.31 -57.12
188.04 248.63 -57.12
190.83 249.7 -57.12
193.69 250.47 -57.12
196.66 251.17 -57.12
199.69 251.74 -57.12
199.69 251.74 -57.12
203.15 245.61 -66.64
205.63 245.43 -66.64
208.12 244.92 -66.64
210.62 244.04 -66.64
213.08 242.88 -66.64
215.44 241.5 -66.64
217.64 240 -66.64
219.63 238.46 -66.64
221.4 236.83 -66.64
223.06 234.83 -66.64
224.56 232.6 -66.64
225.85 230.28 -66.64
226.96 227.98 -66.64
228.07 225.59 -66.64
229.04 223.12 -66.64
229.68 220.6 -66.64
229.83 218.08 -66.64
229.78 215.5 -66.64
229.68 212.88 -66.64
229.53 210.26 -66.64
229.34 207.7 -66.64
229.05 205.22 -66.64
228.3 202.69 -66.64
227.15 200.22 -66.64
225.76 197.93 -66.64
224.3 195.98 -66.64
222.58 194.26 -66.64
220.5 192.65 -66.64
218.18 191.22 -66.64
215.78 190 -66.64
213.41 189.05 -66.64
211 188.2 -66.64
208.49 187.43 -66.64
205.94 186.82 -66.64
203.37 186.46 -66.64
200.81 186.36 -66.64
198.24 186.31 -66.64
195.64 186.26 -66.64
193.04 186.23 -66.64
190.46 186.21 -66.64
187.9 186.22 -66.64
185.3 186.48 -66.64
182.7 187 -66.64
180.15 187.71 -66.64
177.72 188.53 -66.64
175.44 189.45 -66.64
173.2 190.82 -66.64
171.11 192.54 -66.64
169.35 194.41 -66.64
167.81 196.39 -66.64
166.28 198.62 -66.64
164.94 201.01 -66.64
164.01 203.49 -66.64
163.69 205.95 -66.64
163.8 208.45 -66.64
164.07 211.04 -66.64
164.44 213.65 -66.64
164.88 216.23 -66.64
165.36 218.73 -66.64
166.02 221.19 -66.64
166.85 223.63 -66.64
167.84 226.04 -66.64
168.94 228.42 -66.64
170.15 230.77 -66.64
170.15 230.77 -66.64
171.65 232.93 -66.64
173.27 234.99 -66.64
174.99 236.88 -66.64
176.83 238.61 -66.64
178.81 240.44 -66.64
180.91 242.31 -66.64
183.11 243.99 -66.64
185.38 245.3 -66.64
187.7 246.02 -66.64
190.08 246.09 -66.64
192.6 246.05 -66.64
195.22 245.98 -66.64
197.89 245.88 -66.64
200.55 245.76 -66.64
200.55 245.76 -66.64
202.65 239.54 -76.16
204.65 239.21 -76.16
206.54 238.84 -76.16
208.4 238.3 -76.16
210.3 237.48 -76.16
212.19 236.43 -76.16
214.03 235.19 -76.16
215.77 233.81 -76.16
217.36 232.32 -76.16
218.75 230.78 -76.16
219.9 229.21 -76.16
220.79 227.64 -76.16
221.63 225.84 -76.16
222.39 223.86 -76.16
222.95 221.79 -76.16
223.22 219.74 -76.16
223.2 217.75 -76.16
223.05 215.71 -76.16
222.81 213.65 -76.16
222.49 211.59 -76.16
222.11 209.55 -76.16
221.67 207.56 -76.16
221.19 205.64 -76.16
220.63 203.75 -76.16
219.78 201.71 -76.16
218.7 199.71 -76.16
217.45 197.91 -76.16
216.1 196.52 -76.16
214.7 195.68 -76.16
213.08 195.05 -76.16
211.23 194.5 -76.16
209.22 194.03 -76.16
207.1 193.62 -76.16
204.92 193.28 -76.16
202.74 192.99 -76.16
200.62 192.77 -76.16
198.59 192.58 -76.16
196.55 192.41 -76.16
194.5 192.26 -76.16
192.46 192.15 -76.16
190.45 192.08 -76.16
188.45 192.11 -76.16
186.36 192.46 -76.16
184.25 193.11 -76.16
182.27 193.95 -76.16
180.54 194.9 -76.16
179.18 195.93 -76.16
178 197.34 -76.16
176.94 199.12 -76.16
175.99 201.11 -76.16
175.16 203.16 -76.16
174.45 205.13 -76.16
173.77 207.04 -76.16
173.1 208.99 -76.16
172.56 210.98 -76.16
172.25 212.99 -76.16
172.22 214.99 -76.16
172.23 217 -76.16
172.29 219.03 -76.16
172.41 221.07 -76.16
172.62 223.12 -76.16
172.62 223.12 -76.16
173.67 224.92 -76.16
174.81 226.65 -76.16
176.02 228.3 -76.16
177.3 229.86 -76.16
178.65 231.35 -76.16
180.05 232.76 -76.16
181.56 234.18 -76.16
183.16 235.53 -76.16
184.85 236.69 -76.16
186.6 237.55 -76.16
188.46 238.28 -76.16
190.41 238.97 -76.16
192.42 239.53 -76.16
194.45 239.92 -76.16
196.46 240.06 -76.16
198.5 239.99 -76.16
200.58 239.81 -76.16
200.58 239.81 -76.16
200.77 237.33 -85.68
200.77 237.33 -85.68
202.24 237.25 -85.68
203.69 237.01 -85.68
204.79 236.03 -85.68
205.5 234.74 -85.68
206.06 233.37 -85.68
206.57 232 -85.68
206.87 230.55 -85.68
207.26 229.14 -85.68
207.31 227.69 -85.68
208.11 226.42 -85.68
208.68 225.06 -85.68
209.43 223.8 -85.68
209.95 222.43 -85.68
210.24 220.98 -85.68
210.7 219.59 -85.68
210.88 218.13 -85.68
210.94 216.65 -85.68
210.94 215.18 -85.68
210.94 213.71 -85.68
210.94 212.24 -85.68
210.94 210.77 -85.68
210.93 209.29 -85.68
210.79 207.83 -85.68
210.61 206.37 -85.68
210.09 205 -85.68
209.29 203.77 -85.68
208.91 202.33 -85.68
208.56 200.96 -85.68
207.81 199.74 -85.68
207.48 198.28 -85.68
207.24 196.8 -85.68
206.87 195.51 -85.68
205.43 195 -85.68
203.94 194.95 -85.68
202.47 195.06 -85.68
201.01 195.21 -85.68
199.54 195.21 -85.68
198.06 195.23 -85.68
196.61 195.45 -85.68
195.17 195.76 -85.68
193.78 196.04 -85.68
192.64 197.04 -85.68
191.47 197.87 -85.68
190.09 198.43 -85.68
188.8 199.13 -85.68
187.6 199.98 -85.68
186.6 201.06 -85.68
185.55 202.17 -85.68
185.09 203.43 -85.68
185.09 204.9 -85.68
184.83 206.35 -85.68
184.82 207.82 -85.68
184.82 209.3 -85.68
184.82 210.77 -85.68
184.82 212.24 -85.68
184.82 213.71 -85.68
184.84 215.19 -85.68
184.98 216.65 -85.68
185.23 218.1 -85.68
185.58 219.54 -85.68
185.61 221.01 -85.68
185.61 222.48 -85.68
186.04 223.88 -85.68
186.49 225.28 -85.68
186.96 226.68 -85.68
187.42 228.07 -85.68
187.89 229.47 -85.68
188.43 230.84 -85.68
188.96 232.22 -85.68
190.1 233.14 -85.68
191.34 233.93 -85.68
192.52 234.81 -85.68
193.74 235.64 -85.68
195.12 236.16 -85.68
196.49 236.69 -85.68
197.86 237.24 -85.68
199.31 237.48 -85.68
200.77 237.33 -85.68
