227.57 160.07 0
228.01 156.55 0
228.07 153.02 0
227.96 149.47 0
227.75 145.92 0
227.48 142.4 0
226.93 138.8 0
226.12 135.23 0
225.08 131.84 0
223.84 128.76 0
221.89 125.78 0
219.33 123 0
216.51 120.73 0
213.63 119.07 0
210.39 117.66 0
206.93 116.47 0
203.4 115.53 0
199.93 114.87 0
196.44 114.39 0
192.9 114.01 0
189.35 113.63 0
185.83 113.15 0
182.32 112.47 0
178.81 111.96 0
175.3 112.01 0
171.77 112.62 0
168.31 113.53 0
165.01 114.65 0
161.83 116.31 0
158.79 118.15 0
155.87 120.18 0
153.09 122.41 0
150.45 124.76 0
147.84 127.27 0
145.49 129.95 0
143.6 132.84 0
141.76 135.99 0
140.17 139.33 0
139.23 142.74 0
139.15 146.19 0
139.34 149.75 0
139.6 153.32 0
139.95 156.85 0
140.44 160.36 0
140.98 164.33 0
141.63 168.87 0
142.44 172.52 0
143.53 173.76 0
145.55 172.72 0
148.53 170.57 0
152.02 168.01 0
155.56 165.76 0
158.86 164.39 0
162.31 163.44 0
165.78 162.5 0
169.02 161.21 0
171.94 158.93 0
174.86 156.86 0
178.11 156.22 0
181.66 155.93 0
185.29 155.73 0
188.84 155.56 0
188.84 155.56 0
192.38 155.41 0
195.93 155.32 0
195.93 155.32 0
199.55 155.85 0
202.96 156.78 0
206.11 158 0
209.11 159.88 0
211.94 162.21 0
214.58 164.71 0
217.08 167.45 0
219.59 171.09 0
221.85 174.51 0
223.59 176.43 0
224.7 175.31 0
225.51 171.26 0
226.19 167.06 0
226.9 163.57 0
228.03 161.2 -8.64
227.63 157.93 -8.64
226.99 154.68 -8.64
226.43 151.42 -8.64
226.25 148.16 -8.64
226.35 144.86 -8.64
226.5 141.56 -8.64
226.56 138.28 -8.64
226.3 134.96 -8.64
225.69 131.68 -8.64
224.85 128.55 -8.64
223.18 125.57 -8.64
220.87 123.57 -8.64
217.81 121.88 -8.64
214.5 120.93 -8.64
211.28 120.96 -8.64
207.96 121.25 -8.64
204.65 121.51 -8.64
201.33 121.78 -8.64
198.02 122.02 -8.64
194.78 122.15 -8.64
191.68 121.66 -8.64
188.67 120.17 -8.64
185.67 118.48 -8.64
182.57 117.41 -8.64
179.29 116.78 -8.64
176 116.39 -8.64
172.87 116.7 -8.64
169.81 118.17 -8.64
166.97 120.08 -8.64
164.54 122.19 -8.64
162.28 124.66 -8.64
159.84 126.91 -8.64
157.27 129.01 -8.64
154.33 130.56 -8.64
150.77 131.63 -8.64
148.32 132.98 -8.64
147.07 135.43 -8.64
146.08 138.8 -8.64
145.45 142.46 -8.64
145.36 145.78 -8.64
146.56 149.02 -8.64
148.48 151.5 -8.64
151.76 153.13 -8.64
153.84 155.14 -8.64
154.4 159.1 -8.64
154.89 162.68 -8.64
156.64 162.96 -8.64
160.38 161.68 -8.64
161.63 159.29 -8.64
162.21 155.46 -8.64
163.34 152.98 -8.64
166.21 151.41 -8.64
169.82 150.44 -8.64
173.08 150.18 -8.64
176.39 150.04 -8.64
179.71 149.99 -8.64
182.99 150.19 -8.64
186.26 150.7 -8.64
189.5 151.3 -8.64
192.71 151.99 -8.64
195.89 152.85 -8.64
195.89 152.85 -8.64
199.05 153.85 -8.64
199.05 153.85 -8.64
202.49 154.66 -8.64
205.72 155.79 -8.64
208.73 157.18 -8.64
211.5 158.77 -8.64
214.03 160.51 -8.64
216.31 162.73 -8.64
218.39 165.39 -8.64
220.35 168.18 -8.64
222.26 171.13 -8.64
224.08 174.71 -8.64
225.75 176.74 -8.64
227.52 174.81 -8.64
228.5 171.08 -8.64
228.42 167.86 -8.64
228.25 164.53 -8.64
226.95 162.89 -17.28
226.72 159.86 -17.28
226.56 156.82 -17.28
226.45 153.77 -17.28
226.38 150.72 -17.28
226.36 147.62 -17.28
226.35 144.36 -17.28
226.34 141.13 -17.28
226.33 138.18 -17.28
226.22 135.7 -17.28
224.74 133.5 -17.28
222.07 131.5 -17.28
218.92 129.75 -17.28
216 128.31 -17.28
213.28 127.16 -17.28
210.41 126.17 -17.28
207.46 125.3 -17.28
204.47 124.46 -17.28
201.51 123.58 -17.28
198.61 122.59 -17.28
195.74 121.54 -17.28
192.84 120.62 -17.28
189.89 119.91 -17.28
186.89 119.22 -17.28
183.87 118.74 -17.28
180.83 118.62 -17.28
177.66 118.84 -17.28
174.65 119.28 -17.28
172.16 120.25 -17.28
169.98 122.52 -17.28
167.94 125.12 -17.28
165.81 127.38 -17.28
163.49 129.64 -17.28
161.2 131.95 -17.28
159.13 134.34 -17.28
157.52 136.83 -17.28
156.55 139.44 -17.28
156.02 142.28 -17.28
155.59 145.34 -17.28
155.3 148.48 -17.28
155.22 151.56 -17.28
155.37 155.2 -17.28
155.72 159.18 -17.28
156.25 162.69 -17.28
156.95 164.93 -17.28
158.13 165.15 -17.28
161.47 163.76 -17.28
164.35 161.66 -17.28
164.17 159.23 -17.28
162.9 156.08 -17.28
162.98 153.29 -17.28
165.04 150.43 -17.28
167.8 148.64 -17.28
170.37 149.13 -17.28
173.22 150.85 -17.28
176.13 151.44 -17.28
179.09 150.67 -17.28
182.09 149.82 -17.28
185.08 149.74 -17.28
188.07 149.88 -17.28
191.07 150.2 -17.28
194.07 150.74 -17.28
197.08 151.57 -17.28
197.08 151.57 -17.28
200.09 152.74 -17.28
200.09 152.74 -17.28
203.06 153.64 -17.28
205.94 154.72 -17.28
208.73 155.94 -17.28
211.44 157.28 -17.28
214.08 158.74 -17.28
216.68 160.43 -17.28
219.09 162.32 -17.28
221.22 164.56 -17.28
223.21 167.68 -17.28
225.04 170.81 -17.28
226.66 172.88 -17.28
228.13 172.1 -17.28
228.32 168.91 -17.28
227.63 165.92 -17.28
226.5 163.76 -25.92
226.5 160.1 -25.92
226.5 156.64 -25.92
226.42 153.82 -25.92
226.04 151.02 -25.92
225.41 148.23 -25.92
224.61 145.49 -25.92
223.68 142.83 -25.92
222.71 140.3 -25.92
221.54 137.86 -25.92
219.99 135.46 -25.92
218.18 133.2 -25.92
216.22 131.14 -25.92
214.21 129.38 -25.92
211.94 127.85 -25.92
209.48 126.46 -25.92
206.94 125.14 -25.92
204.44 123.84 -25.92
201.98 122.27 -25.92
199.5 120.78 -25.92
196.93 120.01 -25.92
194.25 120.02 -25.92
191.47 120.07 -25.92
188.64 120.12 -25.92
185.8 120.16 -25.92
182.96 120.16 -25.92
180.05 120.16 -25.92
177.38 120.16 -25.92
175.06 120.7 -25.92
172.85 122.37 -25.92
170.82 124.74 -25.92
169.02 127.36 -25.92
167.51 129.8 -25.92
166.25 132.19 -25.92
165.15 134.78 -25.92
164.17 137.46 -25.92
163.29 140.15 -25.92
162.43 142.95 -25.92
161.54 146.17 -25.92
160.63 149.67 -25.92
159.75 153.27 -25.92
158.91 156.82 -25.92
158.15 160.13 -25.92
157.5 163.04 -25.92
156.99 165.38 -25.92
156.64 166.99 -25.92
156.49 167.69 -25.92
156.9 167.21 -25.92
158.33 165.53 -25.92
160.46 163.11 -25.92
162.97 160.42 -25.92
165.52 157.95 -25.92
167.82 156.11 -25.92
170.13 154.49 -25.92
172.59 152.99 -25.92
175.13 151.83 -25.92
177.74 151.12 -25.92
180.45 150.57 -25.92
183.24 150.12 -25.92
186.06 149.84 -25.92
188.85 149.77 -25.92
191.63 149.82 -25.92
194.42 149.96 -25.92
197.21 150.25 -25.92
197.21 150.25 -25.92
197.21 150.25 -25.92
200.12 150.64 -25.92
202.92 151.28 -25.92
205.59 152.13 -25.92
208.15 153.12 -25.92
210.57 154.2 -25.92
212.85 155.61 -25.92
215 157.43 -25.92
217.07 159.43 -25.92
219.12 161.4 -25.92
221.51 163.65 -25.92
224.1 166.2 -25.92
226.02 168.12 -25.92
226.5 168.49 -25.92
226.5 166.83 -25.92
228.04 162.59 -34.56
227.93 161.75 -34.56
227.65 159.56 -34.56
227.23 156.66 -34.56
226.73 153.66 -34.56
226.19 151.18 -34.56
225.5 148.99 -34.56
224.61 146.75 -34.56
223.53 144.53 -34.56
222.31 142.38 -34.56
220.97 140.34 -34.56
219.54 138.47 -34.56
218.07 136.82 -34.56
216.57 135.42 -34.56
214.89 134.16 -34.56
213.02 132.99 -34.56
211 131.89 -34.56
208.85 130.87 -34.56
206.62 129.91 -34.56
204.33 129.01 -34.56
202.03 128.16 -34.56
199.73 127.34 -34.56
197.48 126.56 -34.56
195.29 125.78 -34.56
193.08 124.92 -34.56
190.84 124.19 -34.56
188.58 123.82 -34.56
186.18 123.81 -34.56
183.65 123.81 -34.56
181.39 123.81 -34.56
179.7 124.05 -34.56
178.2 125.53 -34.56
176.9 127.87 -34.56
175.86 130.49 -34.56
175.17 132.84 -34.56
174.76 135.12 -34.56
174.48 137.51 -34.56
174.19 139.88 -34.56
173.75 142.07 -34.56
172.86 144.04 -34.56
171.41 145.89 -34.56
169.69 147.64 -34.56
167.99 149.3 -34.56
166.03 150.74 -34.56
164.29 152.23 -34.56
163.26 154.44 -34.56
162.39 157.37 -34.56
161.8 159.77 -34.56
161.77 160.44 -34.56
163.84 160.2 -34.56
166.8 159.74 -34.56
168.93 158.99 -34.56
170.8 157.54 -34.56
172.62 155.9 -34.56
174.56 154.64 -34.56
176.69 153.85 -34.56
178.96 153.16 -34.56
181.27 152.7 -34.56
183.56 152.55 -34.56
185.86 152.49 -34.56
188.16 152.45 -34.56
190.48 152.41 -34.56
192.81 152.38 -34.56
195.15 152.37 -34.56
197.51 152.36 -34.56
197.51 152.36 -34.56
197.51 152.36 -34.56
199.82 152.73 -34.56
202.11 153.18 -34.56
204.37 153.7 -34.56
206.61 154.28 -34.56
208.83 154.93 -34.56
211.03 155.69 -34.56
213.2 156.54 -34.56
215.33 157.46 -34.56
217.4 158.59 -34.56
219.39 160 -34.56
221.37 161.34 -34.56
223.43 162.25 -34.56
225.93 162.51 -34.56
230.04 181.03 -43.2
230.94 183.03 -43.2
231.52 184.31 -43.2
231.75 184.68 -43.2
231.82 183.53 -43.2
231.82 183.53 -43.2
231.88 180.98 -43.2
231.92 177.67 -43.2
231.95 174.24 -43.2
231.96 171.32 -43.2
231.47 168.79 -43.2
230.54 166.3 -43.2
229.64 163.8 -43.2
228.88 161.28 -43.2
228.13 158.75 -43.2
227.34 156.23 -43.2
226.48 153.76 -43.2
225.5 151.38 -43.2
224.34 149.05 -43.2
222.93 146.76 -43.2
221.34 144.7 -43.2
219.53 142.99 -43.2
217.42 141.5 -43.2
215.14 140.12 -43.2
212.82 138.76 -43.2
210.6 137.31 -43.2
208.55 135.58 -43.2
206.51 133.84 -43.2
204.3 132.7 -43.2
201.79 131.95 -43.2
199.15 131.45 -43.2
196.61 131.45 -43.2
194.13 132.13 -43.2
191.69 133.26 -43.2
189.29 134.54 -43.2
186.95 135.72 -43.2
184.65 136.97 -43.2
182.41 138.35 -43.2
180.22 139.8 -43.2
178.09 141.31 -43.2
175.92 142.87 -43.2
173.8 144.52 -43.2
171.82 146.26 -43.2
170.1 148.13 -43.2
168.65 150.19 -43.2
167.37 152.48 -43.2
166.22 154.9 -43.2
165.19 157.34 -43.2
164.08 160.45 -43.2
163.33 162.73 -43.2
163.75 162.54 -43.2
165.43 161.49 -43.2
167.98 159.97 -43.2
170.96 158.29 -43.2
173.97 156.76 -43.2
176.61 155.69 -43.2
179.08 154.81 -43.2
181.61 153.99 -43.2
184.18 153.36 -43.2
186.76 153.1 -43.2
189.35 153.21 -43.2
191.97 153.51 -43.2
194.57 153.87 -43.2
197.15 154.25 -43.2
199.73 154.71 -43.2
202.29 155.24 -43.2
204.85 155.84 -43.2
204.85 155.84 -43.2
207.45 156.37 -43.2
209.96 157.12 -43.2
212.37 158.02 -43.2
214.79 159.18 -43.2
217.09 160.59 -43.2
219.05 162.17 -43.2
220.79 164.13 -43.2
222.55 166.64 -43.2
224.29 169.51 -43.2
225.96 172.56 -43.2
227.5 175.62 -43.2
228.88 178.51 -43.2
229.77 180.27 -51.84
231.03 181.72 -51.84
232.21 181.69 -51.84
231.51 179.73 -51.84
231.03 177.76 -51.84
230.62 175.76 -51.84
230.24 173.76 -51.84
229.86 171.75 -51.84
229.43 169.76 -51.84
228.93 167.8 -51.84
228.36 165.84 -51.84
227.75 163.9 -51.84
227.12 161.96 -51.84
226.49 160.02 -51.84
225.87 158.05 -51.84
225.21 156.09 -51.84
224.46 154.23 -51.84
223.53 152.49 -51.84
222.37 150.77 -51.84
221.02 149.13 -51.84
219.55 147.66 -51.84
218.02 146.45 -51.84
216.39 145.34 -51.84
214.61 144.25 -51.84
212.73 143.23 -51.84
210.78 142.36 -51.84
208.79 141.72 -51.84
206.81 141.39 -51.84
204.84 141.36 -51.84
202.82 141.38 -51.84
200.76 141.42 -51.84
198.68 141.47 -51.84
196.62 141.54 -51.84
194.6 141.63 -51.84
192.62 141.75 -51.84
190.57 142.13 -51.84
188.49 142.76 -51.84
186.45 143.59 -51.84
184.53 144.57 -51.84
182.81 145.63 -51.84
181.37 146.73 -51.84
180.08 148.2 -51.84
178.79 150.32 -51.84
177.56 152.76 -51.84
176.5 155.14 -51.84
175.69 157.13 -51.84
175.22 158.35 -51.84
175.66 157.94 -51.84
177.41 157.23 -51.84
179.47 156.78 -51.84
181.59 156.54 -51.84
183.61 156.41 -51.84
185.65 156.33 -51.84
187.69 156.29 -51.84
189.73 156.32 -51.84
191.77 156.39 -51.84
193.81 156.5 -51.84
195.85 156.64 -51.84
197.87 156.81 -51.84
199.87 157 -51.84
201.86 157.34 -51.84
203.83 157.84 -51.84
205.79 158.46 -51.84
207.73 159.14 -51.84
207.73 159.14 -51.84
209.74 159.88 -51.84
209.74 159.88 -51.84
211.67 160.73 -51.84
213.52 161.69 -51.84
215.28 162.73 -51.84
216.95 163.84 -51.84
218.51 165.03 -51.84
219.97 166.28 -51.84
221.31 167.73 -51.84
222.56 169.33 -51.84
223.75 171.03 -51.84
224.93 172.76 -51.84
226.12 174.46 -51.84
227.35 176.17 -51.84
228.56 178.24 -51.84
230.24 180.89 -60.48
230.72 179.84 -60.48
231.02 177.37 -60.48
231.27 175.17 -60.48
231.55 173.19 -60.48
231.8 171.21 -60.48
232.01 169.22 -60.48
232.12 167.23 -60.48
232.12 165.24 -60.48
232.01 163.22 -60.48
231.82 161.19 -60.48
231.56 159.2 -60.48
231.26 157.27 -60.48
230.87 155.34 -60.48
230.24 153.22 -60.48
229.4 151.05 -60.48
228.38 148.99 -60.48
227.22 147.18 -60.48
225.95 145.78 -60.48
224.59 144.93 -60.48
222.84 144.6 -60.48
220.69 144.37 -60.48
218.87 143.87 -60.48
217.22 142.88 -60.48
215.65 141.57 -60.48
214.13 140.1 -60.48
212.63 138.66 -60.48
211.15 137.2 -60.48
209.76 135.4 -60.48
208.36 133.81 -60.48
206.84 132.98 -60.48
204.86 133.05 -60.48
202.32 133.36 -60.48
199.88 133.84 -60.48
198.21 134.46 -60.48
197.86 135.26 -60.48
197.86 137.1 -60.48
197.86 139.65 -60.48
197.86 142.18 -60.48
197.86 144.01 -60.48
197.57 144.72 -60.48
196.03 145.1 -60.48
193.67 145.36 -60.48
191.04 145.63 -60.48
188.7 146.01 -60.48
187.07 146.68 -60.48
185.52 148.05 -60.48
184.18 149.88 -60.48
183.43 151.83 -60.48
183.4 153.89 -60.48
183.51 156.25 -60.48
183.73 157.64 -60.48
185.43 158.15 -60.48
187.79 158.39 -60.48
189.78 158.46 -60.48
191.79 158.5 -60.48
193.8 158.53 -60.48
195.78 158.59 -60.48
197.73 158.74 -60.48
199.68 159.09 -60.48
201.63 159.61 -60.48
203.56 160.26 -60.48
205.47 161.01 -60.48
207.34 161.84 -60.48
209.16 162.7 -60.48
210.92 163.57 -60.48
212.62 164.51 -60.48
214.27 165.64 -60.48
214.27 165.64 -60.48
215.85 166.89 -60.48
217.4 168.22 -60.48
217.4 168.22 -60.48
219.01 169.44 -60.48
220.56 170.71 -60.48
222.05 172.04 -60.48
223.49 173.41 -60.48
224.88 174.83 -60.48
226.17 176.34 -60.48
227.41 177.91 -60.48
228.83 179.52 -60.48
223.63 202.8 -69.12
223.97 202.19 -69.12
224.42 200.84 -69.12
224.97 198.9 -69.12
225.58 196.52 -69.12
226.26 193.86 -69.12
226.98 191.05 -69.12
227.73 188.26 -69.12
228.48 185.63 -69.12
229.23 183.3 -69.12
230.16 181.25 -69.12
231.27 179.21 -69.12
232.08 177.19 -69.12
232.13 175.15 -69.12
231.61 173.07 -69.12
230.72 170.97 -69.12
229.6 168.92 -69.12
228.41 166.97 -69.12
227.25 165.16 -69.12
225.92 163.48 -69.12
224.4 161.89 -69.12
222.77 160.35 -69.12
221.11 158.82 -69.12
219.49 157.26 -69.12
218 155.63 -69.12
216.58 153.94 -69.12
215.15 152.26 -69.12
213.67 150.55 -69.12
212.2 148.57 -69.12
210.7 146.54 -69.12
209.16 144.74 -69.12
207.51 143.44 -69.12
205.73 142.91 -69.12
203.58 142.97 -69.12
201.21 143.13 -69.12
199.17 143.37 -69.12
197.61 144.22 -69.12
196.25 145.86 -69.12
195 147.95 -69.12
193.75 150.17 -69.12
192.4 152.16 -69.12
190.77 153.69 -69.12
188.61 155.13 -69.12
186.19 156.52 -69.12
183.91 157.81 -69.12
182.12 158.97 -69.12
181.2 159.95 -69.12
181.35 160.75 -69.12
182.22 161.46 -69.12
183.69 162.1 -69.12
185.64 162.67 -69.12
187.97 163.2 -69.12
190.58 163.7 -69.12
193.35 164.2 -69.12
196.19 164.69 -69.12
198.98 165.21 -69.12
201.61 165.76 -69.12
203.98 166.36 -69.12
206.12 166.99 -69.12
208.29 167.63 -69.12
210.4 168.34 -69.12
212.33 169.22 -69.12
214.1 170.36 -69.12
215.77 171.78 -69.12
217.33 173.43 -69.12
218.76 175.27 -69.12
218.76 175.27 -69.12
219.71 177.31 -69.12
220.6 179.37 -69.12
221.38 181.45 -69.12
221.98 183.55 -69.12
222.33 185.7 -69.12
222.56 188.2 -69.12
222.73 191.02 -69.12
222.86 193.95 -69.12
222.97 196.77 -69.12
223.08 199.27 -69.12
223.22 201.25 -69.12
223.39 202.5 -69.12
223.63 202.8 -69.12
