205.41 217.8 0
206.79 215.67 0
208.08 213.4 0
209.36 211.11 0
210.7 208.89 0
212.23 206.79 0
213.89 204.73 0
215.36 202.63 0
216.35 200.41 0
217.06 198.01 0
217.7 195.5 0
218.21 192.92 0
218.55 190.34 0
218.65 187.84 0
218.22 185.37 0
217.26 182.92 0
216.11 180.57 0
214.95 178.35 0
213.54 176.18 0
211.94 174.1 0
210.21 172.19 0
208.4 170.49 0
206.38 168.98 0
204.2 167.59 0
201.97 166.27 0
199.77 164.92 0
197.6 163.46 0
195.38 162.11 0
193.08 161.18 0
190.62 160.63 0
188.01 160.17 0
185.42 159.85 0
182.98 159.72 0
180.69 160.23 0
178.48 161.54 0
176.36 163.3 0
174.33 165.16 0
172.42 166.85 0
170.6 168.63 0
168.89 170.54 0
167.28 172.57 0
167.28 172.57 0
165.18 174.23 0
163.35 176.06 0
161.85 178.05 0
160.66 180.22 0
159.64 182.61 0
158.88 185.09 0
158.42 187.57 0
158.04 190.09 0
157.75 192.65 0
157.56 195.21 0
157.46 197.78 0
157.39 200.39 0
157.33 202.99 0
157.29 205.51 0
157.36 207.91 0
158.22 210.23 0
159.72 212.47 0
161.44 214.58 0
163.03 216.57 0
164.76 218.52 0
166.65 220.35 0
168.67 221.92 0
170.79 223.12 0
173.11 224.16 0
175.56 225.05 0
178.07 225.78 0
180.55 226.34 0
183.07 226.86 0
185.62 227.28 0
188.15 227.5 0
190.65 227.32 0
190.65 227.32 0
193.14 226.53 0
195.5 225.55 0
197.78 224.41 0
200 223 0
202.06 221.4 0
203.87 219.7 0
207.66 218.7 -8.64
210 217.3 -8.64
211.93 215.66 -8.64
213.47 213.62 -8.64
214.83 211.26 -8.64
216.02 208.75 -8.64
217.08 206.27 -8.64
218.16 203.78 -8.64
219.22 201.24 -8.64
220.06 198.66 -8.64
220.48 196.05 -8.64
220.5 193.41 -8.64
220.5 190.71 -8.64
220.49 188.03 -8.64
220.21 185.34 -8.64
219.62 182.66 -8.64
218.87 180.1 -8.64
217.93 177.69 -8.64
216.5 175.38 -8.64
214.78 173.22 -8.64
212.99 171.26 -8.64
210.97 169.53 -8.64
208.8 167.9 -8.64
206.68 166.22 -8.64
204.67 164.3 -8.64
202.57 162.67 -8.64
200.21 161.78 -8.64
197.6 161.13 -8.64
194.89 160.62 -8.64
192.22 160.15 -8.64
189.55 159.66 -8.64
186.87 159.24 -8.64
184.25 159.04 -8.64
181.69 159.54 -8.64
179.18 160.76 -8.64
176.85 162.1 -8.64
174.64 163.49 -8.64
172.51 165.07 -8.64
170.47 166.85 -8.64
168.55 168.8 -8.64
166.74 170.94 -8.64
166.74 170.94 -8.64
164.72 172.78 -8.64
162.95 174.78 -8.64
161.48 176.95 -8.64
160.06 179.31 -8.64
158.83 181.79 -8.64
157.96 184.33 -8.64
157.55 186.89 -8.64
157.27 189.53 -8.64
157.03 192.23 -8.64
156.86 194.95 -8.64
156.77 197.65 -8.64
156.79 200.29 -8.64
157.17 202.95 -8.64
157.87 205.6 -8.64
158.8 208.2 -8.64
159.84 210.7 -8.64
160.9 213.06 -8.64
162.25 215.37 -8.64
163.88 217.6 -8.64
165.69 219.67 -8.64
167.59 221.52 -8.64
169.62 223.2 -8.64
171.85 224.81 -8.64
174.23 226.21 -8.64
176.68 227.3 -8.64
179.17 228.06 -8.64
181.81 228.72 -8.64
184.49 229.14 -8.64
187.18 229.2 -8.64
189.99 229.06 -8.64
192.81 228.79 -8.64
192.81 228.79 -8.64
195.44 228.39 -8.64
197.68 227.85 -8.64
199.48 226.12 -8.64
201.13 223.66 -8.64
202.97 221.58 -8.64
205.22 220.06 -8.64
207.55 220.29 -17.28
209.81 218.97 -17.28
211.93 217.53 -17.28
213.88 215.9 -17.28
215.73 214.02 -17.28
217.29 211.97 -17.28
218.59 209.74 -17.28
219.62 207.31 -17.28
220.01 204.83 -17.28
220.26 202.27 -17.28
220.43 199.66 -17.28
220.54 197.05 -17.28
220.56 194.48 -17.28
220.33 191.92 -17.28
219.86 189.35 -17.28
219.2 186.8 -17.28
218.42 184.3 -17.28
217.61 181.87 -17.28
216.69 179.5 -17.28
215.49 177.17 -17.28
214.09 174.94 -17.28
212.6 172.88 -17.28
210.91 170.89 -17.28
209.01 169.02 -17.28
206.97 167.46 -17.28
204.82 166.22 -17.28
202.51 165.01 -17.28
200.06 163.9 -17.28
197.54 162.99 -17.28
195 162.39 -17.28
192.47 162.2 -17.28
189.95 162.21 -17.28
187.39 162.23 -17.28
184.81 162.29 -17.28
182.2 162.41 -17.28
179.56 162.6 -17.28
179.56 162.6 -17.28
177.13 163.79 -17.28
174.86 165.16 -17.28
172.77 166.68 -17.28
170.9 168.34 -17.28
169.23 170.15 -17.28
167.71 172.24 -17.28
166.32 174.49 -17.28
165.08 176.82 -17.28
163.97 179.13 -17.28
163 181.5 -17.28
162.12 183.94 -17.28
161.29 186.4 -17.28
160.46 188.86 -17.28
159.52 191.3 -17.28
158.41 193.74 -17.28
157.51 196.19 -17.28
157.23 198.62 -17.28
157.63 201.07 -17.28
158.5 203.53 -17.28
159.63 205.96 -17.28
160.86 208.35 -17.28
162 210.66 -17.28
163.23 212.97 -17.28
164.59 215.23 -17.28
166.07 217.36 -17.28
167.68 219.27 -17.28
169.49 221.3 -17.28
171.47 223.36 -17.28
173.6 225.18 -17.28
175.82 226.45 -17.28
178.09 226.91 -17.28
180.49 226.9 -17.28
183.04 226.89 -17.28
185.7 226.86 -17.28
188.4 226.82 -17.28
191.08 226.78 -17.28
193.67 226.72 -17.28
193.67 226.72 -17.28
196.12 226.59 -17.28
198.48 225.8 -17.28
200.77 224.44 -17.28
203.02 222.91 -17.28
205.27 221.55 -17.28
206.75 221.44 -25.92
209.24 220.24 -25.92
211.62 219.05 -25.92
213.34 217.51 -25.92
214.85 215.58 -25.92
216.28 213.36 -25.92
217.58 210.93 -25.92
218.7 208.36 -25.92
219.61 205.73 -25.92
220.26 203.12 -25.92
220.61 200.58 -25.92
220.85 198.01 -25.92
221.04 195.37 -25.92
221.15 192.73 -25.92
221.16 190.14 -25.92
220.87 187.54 -25.92
220.3 184.93 -25.92
219.53 182.36 -25.92
218.64 179.89 -25.92
217.7 177.53 -25.92
216.46 175.29 -25.92
214.88 173.14 -25.92
213.14 171.11 -25.92
211.39 169.16 -25.92
209.54 167.08 -25.92
207.56 165.11 -25.92
205.46 163.53 -25.92
203.26 162.63 -25.92
200.88 162.18 -25.92
198.31 161.8 -25.92
195.63 161.5 -25.92
192.92 161.3 -25.92
190.26 161.22 -25.92
187.64 161.29 -25.92
184.99 161.48 -25.92
182.34 161.8 -25.92
179.77 162.2 -25.92
177.29 162.68 -25.92
174.86 163.54 -25.92
172.49 164.89 -25.92
170.35 166.48 -25.92
168.53 168.18 -25.92
166.82 170.21 -25.92
165.32 172.48 -25.92
164.12 174.83 -25.92
163.22 177.2 -25.92
162.39 179.69 -25.92
161.69 182.26 -25.92
161.2 184.87 -25.92
160.98 187.46 -25.92
160.9 190.06 -25.92
160.84 192.69 -25.92
160.79 195.33 -25.92
160.76 197.94 -25.92
160.77 200.51 -25.92
161.06 203.11 -25.92
161.7 205.72 -25.92
162.6 208.29 -25.92
163.65 210.75 -25.92
164.77 213.03 -25.92
166 215.17 -25.92
167.61 217.27 -25.92
169.51 219.27 -25.92
171.58 221.07 -25.92
173.71 222.58 -25.92
175.87 223.79 -25.92
178.2 224.98 -25.92
180.67 226.08 -25.92
183.23 226.99 -25.92
185.83 227.61 -25.92
188.39 227.83 -25.92
190.95 227.82 -25.92
193.53 227.78 -25.92
193.53 227.78 -25.92
196.14 227.67 -25.92
198.77 227.46 -25.92
201.43 227.12 -25.92
201.43 227.12 -25.92
202.98 224.92 -25.92
204.74 222.99 -25.92
207.84 222.64 -34.56
209.59 220.98 -34.56
211.22 218.95 -34.56
212.72 216.68 -34.56
214.08 214.31 -34.56
215.29 211.97 -34.56
216.35 209.77 -34.56
217.43 207.51 -34.56
218.47 205.16 -34.56
219.36 202.76 -34.56
220.01 200.32 -34.56
220.31 197.89 -34.56
220.32 195.43 -34.56
220.32 192.93 -34.56
220.32 190.41 -34.56
220.32 187.92 -34.56
220.27 185.46 -34.56
219.89 182.95 -34.56
219.21 180.43 -34.56
218.31 178 -34.56
217.27 175.71 -34.56
216.18 173.67 -34.56
214.7 171.79 -34.56
212.77 170.05 -34.56
210.65 168.53 -34.56
208.55 167.29 -34.56
206.33 166.16 -34.56
203.99 165.16 -34.56
201.6 164.35 -34.56
199.2 163.77 -34.56
196.77 163.29 -34.56
194.3 162.87 -34.56
191.81 162.57 -34.56
189.31 162.43 -34.56
186.79 162.45 -34.56
184.22 162.53 -34.56
181.69 162.67 -34.56
179.3 162.85 -34.56
177.08 163.32 -34.56
174.93 164.56 -34.56
172.89 166.31 -34.56
171.04 168.25 -34.56
169.45 170.11 -34.56
168.09 172.16 -34.56
166.87 174.38 -34.56
165.66 176.61 -34.56
164.25 178.76 -34.56
162.69 180.91 -34.56
161.42 183.1 -34.56
160.86 185.36 -34.56
160.97 187.75 -34.56
161.28 190.24 -34.56
161.7 192.76 -34.56
162.12 195.23 -34.56
162.56 197.73 -34.56
163.07 200.23 -34.56
163.7 202.63 -34.56
164.52 204.83 -34.56
165.77 206.87 -34.56
167.38 208.82 -34.56
169.18 210.69 -34.56
171 212.51 -34.56
172.72 214.35 -34.56
174.43 216.33 -34.56
176.17 218.36 -34.56
177.97 220.28 -34.56
179.85 221.95 -34.56
181.82 223.23 -34.56
183.91 224.01 -34.56
186.14 224.61 -34.56
188.5 225.14 -34.56
191 225.56 -34.56
193.6 225.84 -34.56
196.3 225.94 -34.56
196.3 225.94 -34.56
196.3 225.94 -34.56
199.02 225.76 -34.56
201.59 225.27 -34.56
203.94 224.58 -34.56
205.99 223.79 -34.56
206.25 219.92 -43.2
208.2 218.6 -43.2
210.07 217.03 -43.2
211.88 215.33 -43.2
211.88 215.33 -43.2
213.92 213.81 -43.2
215.79 212.18 -43.2
217.39 210.43 -43.2
218.64 208.58 -43.2
219.47 206.63 -43.2
220.15 204.49 -43.2
220.75 202.19 -43.2
221.23 199.81 -43.2
221.54 197.42 -43.2
221.63 195.1 -43.2
221.5 192.77 -43.2
221.17 190.39 -43.2
220.69 188.01 -43.2
220.08 185.67 -43.2
219.38 183.41 -43.2
218.61 181.27 -43.2
217.79 179.29 -43.2
216.66 177.37 -43.2
215.19 175.49 -43.2
213.48 173.71 -43.2
211.62 172.07 -43.2
209.72 170.61 -43.2
207.84 169.37 -43.2
205.87 168.16 -43.2
203.77 166.98 -43.2
201.57 165.92 -43.2
199.32 165.08 -43.2
197.05 164.55 -43.2
194.8 164.4 -43.2
192.48 164.33 -43.2
190.1 164.28 -43.2
187.7 164.24 -43.2
185.33 164.21 -43.2
183.03 164.19 -43.2
180.81 164.23 -43.2
178.57 164.87 -43.2
176.39 166.08 -43.2
174.42 167.54 -43.2
172.78 169 -43.2
171.2 170.72 -43.2
169.72 172.71 -43.2
168.48 174.86 -43.2
167.63 177.06 -43.2
167.27 179.23 -43.2
167.06 181.47 -43.2
166.9 183.8 -43.2
166.78 186.17 -43.2
166.66 188.56 -43.2
166.53 190.93 -43.2
166.36 193.28 -43.2
166.13 195.67 -43.2
165.91 198.05 -43.2
165.76 200.34 -43.2
165.83 202.47 -43.2
166.64 204.5 -43.2
168.05 206.45 -43.2
169.77 208.32 -43.2
171.54 210.12 -43.2
173.11 211.85 -43.2
174.76 213.52 -43.2
176.5 215.11 -43.2
178.32 216.57 -43.2
180.19 218.02 -43.2
182.12 219.6 -43.2
184.12 221.1 -43.2
186.18 222.32 -43.2
188.28 223.06 -43.2
190.44 223.17 -43.2
192.73 223.04 -43.2
195.1 222.79 -43.2
197.5 222.44 -43.2
197.5 222.44 -43.2
199.86 222.01 -43.2
202.12 221.52 -43.2
204.22 220.91 -43.2
204.75 219.6 -51.84
206.5 218.59 -51.84
208.16 217.13 -51.84
209.71 215.49 -51.84
211.11 213.91 -51.84
212.45 212.41 -51.84
213.86 210.79 -51.84
215.22 209.07 -51.84
216.41 207.27 -51.84
217.32 205.43 -51.84
217.84 203.56 -51.84
217.95 201.66 -51.84
218 199.69 -51.84
218.05 197.65 -51.84
218.08 195.57 -51.84
218.11 193.47 -51.84
218.13 191.38 -51.84
218.14 189.34 -51.84
218.13 187.35 -51.84
217.79 185.35 -51.84
217.1 183.36 -51.84
216.19 181.44 -51.84
215.19 179.66 -51.84
214.16 178.02 -51.84
212.86 176.42 -51.84
211.36 174.92 -51.84
209.73 173.58 -51.84
208.07 172.45 -51.84
206.37 171.49 -51.84
204.56 170.59 -51.84
202.66 169.76 -51.84
200.7 169.02 -51.84
198.71 168.39 -51.84
196.72 167.88 -51.84
194.74 167.5 -51.84
192.76 167.18 -51.84
190.75 166.88 -51.84
188.72 166.64 -51.84
186.67 166.47 -51.84
184.61 166.41 -51.84
184.61 166.41 -51.84
182.29 166.67 -51.84
180.2 167.23 -51.84
178.49 167.98 -51.84
177.2 168.93 -51.84
175.96 170.41 -51.84
174.84 172.31 -51.84
173.94 174.44 -51.84
173.36 176.6 -51.84
173.19 178.62 -51.84
173.28 180.59 -51.84
173.46 182.61 -51.84
173.69 184.66 -51.84
173.91 186.72 -51.84
174.1 188.78 -51.84
174.2 190.81 -51.84
174.26 192.86 -51.84
174.35 194.89 -51.84
174.52 196.91 -51.84
174.83 198.98 -51.84
175.28 201.03 -51.84
175.82 203.04 -51.84
176.45 204.95 -51.84
177.14 206.72 -51.84
178.08 208.43 -51.84
179.31 210.08 -51.84
180.73 211.66 -51.84
182.29 213.14 -51.84
183.89 214.49 -51.84
185.47 215.7 -51.84
187.16 216.92 -51.84
188.96 218.05 -51.84
190.84 218.89 -51.84
192.75 219.28 -51.84
194.77 219.5 -51.84
196.87 219.68 -51.84
198.99 219.81 -51.84
198.99 219.81 -51.84
201.05 219.9 -51.84
202.96 219.93 -51.84
204.75 217.15 -60.48
206.72 216.51 -60.48
208.58 215.75 -60.48
210.25 214.9 -60.48
211.62 214.02 -60.48
212.79 212.92 -60.48
213.89 211.47 -60.48
214.89 209.76 -60.48
215.8 207.9 -60.48
216.58 205.97 -60.48
217.24 204.08 -60.48
217.77 202.28 -60.48
218.27 200.45 -60.48
218.75 198.56 -60.48
219.18 196.65 -60.48
219.54 194.73 -60.48
219.78 192.85 -60.48
219.9 191.03 -60.48
219.78 189.28 -60.48
219.18 187.55 -60.48
218.24 185.85 -60.48
217.08 184.19 -60.48
215.86 182.58 -60.48
214.71 181.03 -60.48
213.6 179.46 -60.48
212.42 177.87 -60.48
211.16 176.35 -60.48
209.81 175 -60.48
208.39 173.93 -60.48
206.84 173.06 -60.48
205.15 172.24 -60.48
203.36 171.5 -60.48
201.49 170.85 -60.48
199.59 170.33 -60.48
197.7 169.95 -60.48
195.85 169.73 -60.48
193.99 169.55 -60.48
192.12 169.4 -60.48
190.23 169.27 -60.48
188.33 169.18 -60.48
186.4 169.11 -60.48
184.47 169.09 -60.48
184.47 169.09 -60.48
182.69 170.06 -60.48
181.06 171.16 -60.48
179.61 172.37 -60.48
178.4 173.69 -60.48
177.33 175.16 -60.48
176.26 176.83 -60.48
175.34 178.62 -60.48
174.7 180.46 -60.48
174.48 182.28 -60.48
174.5 184.11 -60.48
174.57 186 -60.48
174.67 187.92 -60.48
174.81 189.86 -60.48
174.99 191.81 -60.48
175.21 193.75 -60.48
175.46 195.65 -60.48
175.74 197.52 -60.48
176.05 199.32 -60.48
176.55 201.06 -60.48
177.46 202.78 -60.48
178.58 204.39 -60.48
179.72 205.86 -60.48
180.97 207.26 -60.48
182.34 208.62 -60.48
183.81 209.9 -60.48
185.35 211.09 -60.48
186.92 212.17 -60.48
188.5 213.13 -60.48
190.14 214.1 -60.48
191.86 215.08 -60.48
193.63 216.01 -60.48
195.43 216.81 -60.48
197.24 217.43 -60.48
199.05 217.79 -60.48
199.05 217.79 -60.48
200.84 217.84 -60.48
202.76 217.6 -60.48
204 212.68 -69.12
205.47 212.78 -69.12
206.81 212.83 -69.12
208.06 212.66 -69.12
209.35 212.05 -69.12
210.62 211.08 -69.12
211.81 209.87 -69.12
212.87 208.52 -69.12
213.74 207.14 -69.12
214.38 205.84 -69.12
214.83 204.58 -69.12
215.26 203.21 -69.12
215.65 201.76 -69.12
215.99 200.25 -69.12
216.26 198.72 -69.12
216.46 197.19 -69.12
216.56 195.69 -69.12
216.56 194.22 -69.12
216.43 192.7 -69.12
216.19 191.15 -69.12
215.85 189.6 -69.12
215.44 188.08 -69.12
214.96 186.63 -69.12
214.43 185.29 -69.12
213.87 184.09 -69.12
213.21 183.03 -69.12
212.28 182.03 -69.12
211.14 181.11 -69.12
209.81 180.26 -69.12
208.35 179.49 -69.12
206.82 178.81 -69.12
206.82 178.81 -69.12
205.81 177.45 -69.12
204.73 176.19 -69.12
203.58 175.13 -69.12
202.38 174.39 -69.12
201.13 174.05 -69.12
199.77 173.98 -69.12
198.29 173.92 -69.12
196.74 173.87 -69.12
195.18 173.84 -69.12
193.67 173.82 -69.12
192.25 173.82 -69.12
190.72 174.06 -69.12
189.07 174.56 -69.12
187.44 175.29 -69.12
185.94 176.18 -69.12
184.7 177.17 -69.12
183.84 178.2 -69.12
183.48 179.23 -69.12
183.34 180.45 -69.12
183.21 181.91 -69.12
183.12 183.51 -69.12
183.06 185.14 -69.12
183.03 186.71 -69.12
183.07 188.19 -69.12
183.2 189.67 -69.12
183.39 191.16 -69.12
183.65 192.64 -69.12
183.94 194.1 -69.12
184.26 195.54 -69.12
184.6 196.95 -69.12
185.05 198.37 -69.12
185.61 199.77 -69.12
186.27 201.14 -69.12
186.98 202.46 -69.12
187.74 203.7 -69.12
188.55 204.93 -69.12
189.46 206.22 -69.12
190.46 207.5 -69.12
191.53 208.69 -69.12
192.66 209.74 -69.12
193.83 210.57 -69.12
195.04 211.12 -69.12
196.33 211.47 -69.12
197.76 211.78 -69.12
199.28 212.07 -69.12
200.86 212.31 -69.12
202.45 212.52 -69.12
202.45 212.52 -69.12
203.74 206.58 -77.76
204.46 206.72 -77.76
205.12 206.66 -77.76
205.83 206.4 -77.76
206.56 205.96 -77.76
207.3 205.37 -77.76
208.03 204.65 -77.76
208.73 203.82 -77.76
209.39 202.93 -77.76
209.98 201.98 -77.76
210.49 201.01 -77.76
210.91 200.05 -77.76
211.2 199.1 -77.76
211.36 198.22 -77.76
211.39 197.39 -77.76
211.37 196.53 -77.76
211.35 195.62 -77.76
211.31 194.67 -77.76
211.25 193.69 -77.76
211.19 192.69 -77.76
211.11 191.68 -77.76
211.01 190.67 -77.76
210.91 189.67 -77.76
210.79 188.69 -77.76
210.66 187.75 -77.76
210.51 186.84 -77.76
210.35 185.99 -77.76
210.18 185.19 -77.76
210 184.47 -77.76
209.8 183.83 -77.76
209.38 183.2 -77.76
208.72 182.59 -77.76
207.9 182.01 -77.76
206.97 181.5 -77.76
206.02 181.08 -77.76
205.11 180.78 -77.76
204.25 180.58 -77.76
203.35 180.4 -77.76
202.41 180.25 -77.76
201.48 180.13 -77.76
200.58 180.06 -77.76
199.72 180.06 -77.76
198.83 180.22 -77.76
197.9 180.55 -77.76
196.98 181.01 -77.76
196.09 181.57 -77.76
195.28 182.21 -77.76
194.58 182.88 -77.76
194.03 183.57 -77.76
193.67 184.23 -77.76
193.41 184.91 -77.76
193.16 185.67 -77.76
192.94 186.49 -77.76
192.75 187.38 -77.76
192.59 188.32 -77.76
192.47 189.31 -77.76
192.39 190.34 -77.76
192.36 191.42 -77.76
192.36 191.42 -77.76
192.58 192.42 -77.76
192.84 193.39 -77.76
193.13 194.33 -77.76
193.47 195.25 -77.76
193.83 196.13 -77.76
194.23 196.99 -77.76
194.66 197.82 -77.76
195.11 198.62 -77.76
195.58 199.38 -77.76
196.07 200.12 -77.76
196.59 200.82 -77.76
197.11 201.49 -77.76
197.65 202.13 -77.76
198.21 202.74 -77.76
198.85 203.38 -77.76
199.59 204.03 -77.76
200.4 204.69 -77.76
201.25 205.3 -77.76
202.1 205.84 -77.76
202.94 206.28 -77.76
203.74 206.58 -77.76
