203.02 230.08 0
205.82 228.83 0
208.51 226.9 0
211.01 224.59 0
213.24 222.19 0
215.13 219.66 0
216.74 216.85 0
218.07 213.94 0
219.28 210.95 0
220.55 208 0
222.2 205.23 0
224.17 202.59 0
225.56 199.82 0
226.4 196.76 0
227.11 193.53 0
227.63 190.26 0
227.87 187.14 0
227.45 184.22 0
225.98 181.41 0
223.93 178.67 0
221.79 176.01 0
219.95 173.34 0
218.1 170.59 0
216.16 167.89 0
214.1 165.41 0
211.87 163.3 0
209.37 161.51 0
206.57 159.71 0
203.56 158.15 0
200.46 157.09 0
197.38 156.79 0
194.23 157.1 0
191.01 157.57 0
187.79 157.82 0
184.54 157.76 0
181.29 157.65 0
178.16 157.58 0
175.26 158.46 0
172.46 160.35 0
169.56 161.79 0
166.47 162.78 0
163.35 163.68 0
160.36 164.73 0
157.38 166.09 0
154.02 167.69 0
150.65 169.51 0
147.69 171.52 0
145.53 173.71 0
144.56 176.04 0
144.7 178.66 0
145.18 181.74 0
145.81 185.08 0
146.46 188.49 0
146.95 191.77 0
147.26 195 0
147.51 198.27 0
147.78 201.49 0
148.16 204.6 0
148.82 207.57 0
150.08 210.48 0
151.78 213.32 0
153.75 216.03 0
155.82 218.6 0
157.86 221.01 0
160.14 223.38 0
162.64 225.5 0
165.29 227.11 0
168.16 228.43 0
171.23 229.58 0
174.4 230.44 0
177.54 230.94 0
180.68 231.28 0
183.87 231.55 0
187.09 231.73 0
190.35 231.8 0
190.35 231.8 0
190.35 231.8 0
193.76 231.66 0
197.02 231.29 0
200.11 230.75 0
202.07 232.96 -8.64
205.23 231.36 -8.64
208.26 229.59 -8.64
211.12 227.67 -8.64
213.78 225.6 -8.64
216.22 223.4 -8.64
218.5 221.02 -8.64
220.72 218.4 -8.64
222.83 215.61 -8.64
224.78 212.68 -8.64
226.52 209.66 -8.64
228.02 206.6 -8.64
229.33 203.49 -8.64
230.55 200.21 -8.64
231.15 196.87 -8.64
231.05 193.4 -8.64
230.74 189.73 -8.64
230.2 186.1 -8.64
229.46 182.78 -8.64
228.52 180.02 -8.64
225.74 178.03 -8.64
223.54 175.54 -8.64
221.76 172.52 -8.64
220.12 169.34 -8.64
218.38 166.35 -8.64
216.29 163.88 -8.64
213.66 161.88 -8.64
210.64 160.11 -8.64
207.5 158.56 -8.64
204.4 157.14 -8.64
201.23 155.7 -8.64
197.99 154.43 -8.64
194.7 153.56 -8.64
191.38 153.23 -8.64
187.97 153.03 -8.64
184.51 152.86 -8.64
181.04 152.74 -8.64
177.6 152.66 -8.64
174.26 152.62 -8.64
170.92 153.15 -8.64
167.69 154.76 -8.64
165.25 156.79 -8.64
163.51 160.04 -8.64
161.85 163.36 -8.64
159.64 165.25 -8.64
155.96 166.07 -8.64
151.88 166.67 -8.64
149.04 167.5 -8.64
148.07 169.28 -8.64
147.35 172.46 -8.64
146.83 176.39 -8.64
146.56 180.37 -8.64
146.57 183.85 -8.64
146.77 187.26 -8.64
147.06 190.67 -8.64
147.38 194.08 -8.64
147.76 197.53 -8.64
148.23 200.99 -8.64
148.81 204.39 -8.64
149.5 207.68 -8.64
150.36 210.82 -8.64
151.74 213.9 -8.64
153.59 216.9 -8.64
155.74 219.72 -8.64
157.98 222.3 -8.64
160.36 224.63 -8.64
163.06 226.81 -8.64
165.96 228.75 -8.64
168.92 230.38 -8.64
171.99 231.96 -8.64
175.19 233.48 -8.64
178.47 234.68 -8.64
181.77 235.32 -8.64
185.07 235.36 -8.64
188.4 235.3 -8.64
191.77 235.11 -8.64
191.77 235.11 -8.64
195.16 234.71 -8.64
198.6 234.02 -8.64
202.07 232.96 -8.64
204.45 230.17 -17.28
207.36 229 -17.28
210.21 227.58 -17.28
213.06 225.79 -17.28
215.81 223.71 -17.28
218.34 221.43 -17.28
220.53 219.02 -17.28
222.29 216.55 -17.28
223.88 213.85 -17.28
225.37 210.88 -17.28
226.67 207.73 -17.28
227.7 204.51 -17.28
228.35 201.29 -17.28
228.66 198.11 -17.28
228.91 194.82 -17.28
229.11 191.49 -17.28
229.25 188.18 -17.28
229.33 184.96 -17.28
229.27 181.88 -17.28
228.6 178.75 -17.28
227.35 175.6 -17.28
225.65 172.52 -17.28
223.65 169.6 -17.28
221.47 166.93 -17.28
219.26 164.58 -17.28
217.06 162.63 -17.28
214.4 160.89 -17.28
211.4 159.34 -17.28
208.26 157.99 -17.28
205.18 156.83 -17.28
202.12 155.7 -17.28
198.99 154.58 -17.28
195.81 153.62 -17.28
192.61 152.95 -17.28
189.42 152.69 -17.28
186.12 152.78 -17.28
182.69 153.03 -17.28
179.27 153.43 -17.28
175.99 153.96 -17.28
172.97 154.6 -17.28
170.36 155.51 -17.28
168.18 157.78 -17.28
166.17 160.8 -17.28
164.05 163.6 -17.28
161.48 165.3 -17.28
157.9 166.21 -17.28
154.44 167.04 -17.28
152.54 168.31 -17.28
151.44 170.64 -17.28
150.53 173.84 -17.28
149.84 177.5 -17.28
149.42 181.22 -17.28
149.32 184.6 -17.28
149.42 187.86 -17.28
149.66 191.15 -17.28
149.99 194.43 -17.28
150.41 197.67 -17.28
150.89 200.82 -17.28
151.72 203.91 -17.28
152.98 206.97 -17.28
154.53 209.94 -17.28
156.18 212.78 -17.28
157.88 215.53 -17.28
159.8 218.33 -17.28
161.92 221.02 -17.28
164.21 223.39 -17.28
166.65 225.25 -17.28
169.29 226.7 -17.28
172.22 228.03 -17.28
175.35 229.21 -17.28
178.59 230.21 -17.28
181.87 231.03 -17.28
185.11 231.63 -17.28
188.3 232.07 -17.28
191.55 232.42 -17.28
194.83 232.6 -17.28
194.83 232.6 -17.28
194.83 232.6 -17.28
198.16 232.03 -17.28
201.37 231.2 -17.28
205.25 231.56 -25.92
205.25 231.56 -25.92
208.33 230.11 -25.92
211.21 228.41 -25.92
213.89 226.52 -25.92
216.39 224.45 -25.92
218.69 222.03 -25.92
220.79 219.45 -25.92
222.86 216.81 -25.92
224.8 214.07 -25.92
226.37 211.2 -25.92
227.65 208.21 -25.92
228.91 205.09 -25.92
230.05 201.89 -25.92
230.96 198.63 -25.92
231.54 195.35 -25.92
231.7 192.09 -25.92
231.64 188.71 -25.92
231.49 185.27 -25.92
231.27 181.94 -25.92
231 178.89 -25.92
230.26 175.97 -25.92
228.87 173.06 -25.92
226.96 170.21 -25.92
224.64 167.47 -25.92
222.04 164.88 -25.92
219.28 162.48 -25.92
216.48 160.31 -25.92
213.77 158.43 -25.92
211.11 156.78 -25.92
208.19 155.17 -25.92
205.07 153.72 -25.92
201.84 152.56 -25.92
198.6 151.84 -25.92
195.36 151.53 -25.92
192.05 151.28 -25.92
188.7 151.13 -25.92
185.38 151.11 -25.92
181.99 151.4 -25.92
178.61 151.98 -25.92
175.4 152.75 -25.92
172.51 153.66 -25.92
169.91 155.21 -25.92
167.49 157.38 -25.92
165.18 159.93 -25.92
162.9 162.65 -25.92
160.58 165.32 -25.92
158.14 167.73 -25.92
155.15 169.68 -25.92
151.71 171.44 -25.92
150.15 173.5 -25.92
150.23 176.18 -25.92
150.46 179.36 -25.92
150.79 182.85 -25.92
151.19 186.46 -25.92
151.63 190.01 -25.92
152.09 193.33 -25.92
152.61 196.67 -25.92
153.24 200.06 -25.92
153.97 203.43 -25.92
154.81 206.74 -25.92
155.77 209.93 -25.92
156.86 212.95 -25.92
158.09 215.73 -25.92
159.82 218.33 -25.92
162.16 220.77 -25.92
164.82 223.04 -25.92
167.5 225.11 -25.92
170.17 227.1 -25.92
173.02 228.97 -25.92
175.98 230.41 -25.92
179.05 231.31 -25.92
182.26 232.12 -25.92
185.56 232.82 -25.92
188.9 233.36 -25.92
192.23 233.68 -25.92
195.51 233.72 -25.92
195.51 233.72 -25.92
198.76 233.35 -25.92
202.01 232.59 -25.92
204.25 232.76 -34.56
207.38 232.44 -34.56
210.23 232.02 -34.56
212.86 231.09 -34.56
215.38 229.08 -34.56
217.7 226.4 -34.56
219.75 223.46 -34.56
221.43 220.66 -34.56
222.8 217.89 -34.56
223.97 214.91 -34.56
225.03 211.8 -34.56
226.02 208.64 -34.56
227.02 205.52 -34.56
228.15 202.47 -34.56
229.4 199.43 -34.56
230.49 196.36 -34.56
231.13 193.26 -34.56
231.31 190.05 -34.56
231.45 186.71 -34.56
231.54 183.37 -34.56
231.61 180.14 -34.56
231.62 177.17 -34.56
231.11 174.32 -34.56
229.78 171.43 -34.56
227.81 168.6 -34.56
225.38 165.91 -34.56
222.66 163.45 -34.56
219.83 161.31 -34.56
217.08 159.57 -34.56
214.47 158.23 -34.56
211.6 156.96 -34.56
208.49 155.8 -34.56
205.25 154.84 -34.56
201.96 154.17 -34.56
198.72 153.9 -34.56
195.52 153.89 -34.56
192.25 153.89 -34.56
188.96 153.89 -34.56
185.71 153.89 -34.56
182.54 153.89 -34.56
179.51 154.11 -34.56
176.58 155.24 -34.56
173.72 156.96 -34.56
170.87 158.83 -34.56
167.99 160.44 -34.56
164.66 161.77 -34.56
161.42 163.13 -34.56
159.29 164.76 -34.56
158.18 166.91 -34.56
157.17 169.59 -34.56
156.28 172.66 -34.56
155.52 176.02 -34.56
154.9 179.55 -34.56
154.44 183.13 -34.56
154.13 186.65 -34.56
154 189.99 -34.56
154.14 193.17 -34.56
154.64 196.39 -34.56
155.42 199.59 -34.56
156.38 202.74 -34.56
157.42 205.77 -34.56
158.58 208.67 -34.56
160.1 211.55 -34.56
161.9 214.34 -34.56
163.9 216.98 -34.56
165.99 219.41 -34.56
168.15 221.72 -34.56
170.51 224.12 -34.56
173.05 226.46 -34.56
175.73 228.58 -34.56
178.52 230.29 -34.56
181.38 231.45 -34.56
184.29 232 -34.56
187.35 232.42 -34.56
190.55 232.75 -34.56
193.87 232.97 -34.56
197.3 233.05 -34.56
197.3 233.05 -34.56
197.3 233.05 -34.56
200.87 232.97 -34.56
202.83 230.95 -43.2
205.93 231.27 -43.2
205.93 231.27 -43.2
209.17 230.69 -43.2
212.13 229.66 -43.2
214.75 228.37 -43.2
217.04 226.38 -43.2
219.12 223.89 -43.2
221.16 221.45 -43.2
223.22 219.07 -43.2
225.13 216.61 -43.2
226.77 214 -43.2
228.34 211.26 -43.2
229.78 208.42 -43.2
230.97 205.52 -43.2
231.8 202.57 -43.2
232.44 199.51 -43.2
232.91 196.39 -43.2
233.05 193.31 -43.2
232.74 190.26 -43.2
232.06 187.2 -43.2
231.09 184.16 -43.2
229.92 181.16 -43.2
228.62 178.24 -43.2
227.29 175.42 -43.2
225.94 172.69 -43.2
224.31 169.97 -43.2
222.43 167.36 -43.2
220.37 164.98 -43.2
218.18 162.94 -43.2
215.67 161.07 -43.2
212.93 159.4 -43.2
210.09 158.06 -43.2
207.2 157.06 -43.2
204.16 156.26 -43.2
201.09 155.61 -43.2
198.01 154.98 -43.2
194.91 154.36 -43.2
191.81 153.88 -43.2
188.75 153.65 -43.2
185.71 153.82 -43.2
182.63 154.43 -43.2
179.58 155.38 -43.2
176.57 156.56 -43.2
173.67 157.89 -43.2
170.9 159.25 -43.2
168.11 160.68 -43.2
165.07 162.43 -43.2
162.23 164.44 -43.2
160.03 166.67 -43.2
158.91 169.06 -43.2
158.47 171.83 -43.2
158.13 175.01 -43.2
157.93 178.33 -43.2
157.88 181.51 -43.2
157.88 184.64 -43.2
157.88 187.79 -43.2
157.88 190.92 -43.2
157.88 194.02 -43.2
157.92 197.07 -43.2
158.49 200.12 -43.2
159.55 203.14 -43.2
160.88 206.06 -43.2
162.24 208.84 -43.2
163.84 211.43 -43.2
165.79 213.9 -43.2
167.88 216.3 -43.2
169.91 218.71 -43.2
171.86 221.49 -43.2
173.85 224.34 -43.2
175.94 226.8 -43.2
178.22 228.4 -43.2
180.81 228.96 -43.2
183.77 229.3 -43.2
186.98 229.55 -43.2
190.28 229.77 -43.2
193.52 230.01 -43.2
196.63 230.31 -43.2
199.73 230.63 -43.2
199.73 230.63 -43.2
201.32 230.64 -51.84
201.32 230.64 -51.84
204.3 230.64 -51.84
207.3 230.64 -51.84
207.3 230.64 -51.84
209.85 229.02 -51.84
212.31 227.29 -51.84
214.67 225.47 -51.84
216.91 223.56 -51.84
219.05 221.57 -51.84
221.07 219.51 -51.84
223.07 217.35 -51.84
225.12 215.06 -51.84
227.05 212.66 -51.84
228.71 210.16 -51.84
229.94 207.59 -51.84
230.69 204.91 -51.84
231.35 202.07 -51.84
231.91 199.1 -51.84
232.34 196.1 -51.84
232.6 193.12 -51.84
232.63 190.22 -51.84
232.04 187.32 -51.84
230.97 184.46 -51.84
229.76 181.77 -51.84
228.49 179.22 -51.84
226.98 176.61 -51.84
225.25 174 -51.84
223.33 171.46 -51.84
221.26 169.05 -51.84
219.07 166.85 -51.84
216.79 164.91 -51.84
214.46 163.3 -51.84
212.09 162.1 -51.84
209.54 161.07 -51.84
206.74 160.1 -51.84
203.79 159.27 -51.84
200.77 158.65 -51.84
197.76 158.3 -51.84
194.84 158.26 -51.84
191.89 158.28 -51.84
188.93 158.31 -51.84
185.96 158.35 -51.84
183 158.41 -51.84
180.07 158.48 -51.84
177.02 158.75 -51.84
173.88 159.36 -51.84
171.05 160.21 -51.84
168.85 161.25 -51.84
166.91 163.06 -51.84
165.12 165.59 -51.84
163.59 168.54 -51.84
162.43 171.59 -51.84
161.74 174.45 -51.84
161.26 177.28 -51.84
160.85 180.22 -51.84
160.54 183.22 -51.84
160.34 186.21 -51.84
160.29 189.13 -51.84
160.61 192.03 -51.84
161.3 194.92 -51.84
162.23 197.78 -51.84
163.28 200.6 -51.84
164.32 203.34 -51.84
165.44 206.04 -51.84
166.75 208.7 -51.84
168.2 211.31 -51.84
169.77 213.86 -51.84
171.4 216.31 -51.84
173.09 218.71 -51.84
174.9 221.22 -51.84
176.85 223.63 -51.84
178.96 225.71 -51.84
181.22 227.22 -51.84
183.78 228.42 -51.84
186.62 229.5 -51.84
189.6 230.29 -51.84
192.56 230.63 -51.84
195.46 230.64 -51.84
198.38 230.64 -51.84
202.02 226.83 -60.48
202.02 226.83 -60.48
204.68 226.36 -60.48
207.33 225.64 -60.48
209.96 224.69 -60.48
212.59 223.54 -60.48
212.59 223.54 -60.48
215.23 222.38 -60.48
217.7 221.03 -60.48
220 219.51 -60.48
222.1 217.85 -60.48
223.99 216.08 -60.48
225.88 214.06 -60.48
227.7 211.8 -60.48
229.18 209.38 -60.48
230.05 206.91 -60.48
230.42 204.35 -60.48
230.74 201.64 -60.48
231 198.84 -60.48
231.2 196.01 -60.48
231.33 193.22 -60.48
231.39 190.55 -60.48
231.2 187.99 -60.48
230.41 185.46 -60.48
229.14 182.96 -60.48
227.55 180.53 -60.48
225.8 178.19 -60.48
224.04 175.98 -60.48
222.37 173.9 -60.48
220.55 171.84 -60.48
218.55 169.85 -60.48
216.42 168 -60.48
214.2 166.37 -60.48
211.92 165.04 -60.48
209.54 163.84 -60.48
207.02 162.67 -60.48
204.41 161.61 -60.48
201.73 160.74 -60.48
199.04 160.15 -60.48
196.36 159.91 -60.48
193.64 159.84 -60.48
190.86 159.78 -60.48
188.07 159.74 -60.48
185.31 159.71 -60.48
182.65 159.7 -60.48
180.08 159.92 -60.48
177.56 160.96 -60.48
175.12 162.52 -60.48
172.83 164.24 -60.48
170.63 165.89 -60.48
168.18 167.75 -60.48
165.99 169.81 -60.48
164.65 172.01 -60.48
164.51 174.32 -60.48
164.68 176.82 -60.48
164.99 179.48 -60.48
165.4 182.26 -60.48
165.88 185.09 -60.48
166.41 187.94 -60.48
166.94 190.73 -60.48
167.47 193.43 -60.48
168.07 196.1 -60.48
168.76 198.74 -60.48
169.5 201.38 -60.48
170.27 204 -60.48
171.03 206.71 -60.48
171.8 209.48 -60.48
172.65 212.17 -60.48
173.64 214.64 -60.48
174.84 216.78 -60.48
176.48 218.82 -60.48
178.55 220.8 -60.48
180.9 222.59 -60.48
183.4 224.07 -60.48
185.91 225.11 -60.48
188.41 225.73 -60.48
191.08 226.27 -60.48
193.85 226.7 -60.48
196.64 226.97 -60.48
199.36 227.04 -60.48
200.69 222.19 -69.12
200.69 222.19 -69.12
203.24 222.28 -69.12
203.24 222.28 -69.12
205.87 222.11 -69.12
208.36 221.66 -69.12
210.66 221 -69.12
212.75 220.17 -69.12
214.59 219.24 -69.12
216.15 218.25 -69.12
217.69 216.83 -69.12
219.21 214.99 -69.12
220.58 212.85 -69.12
221.69 210.55 -69.12
222.44 208.23 -69.12
222.7 206.03 -69.12
222.68 203.86 -69.12
222.62 201.63 -69.12
222.53 199.33 -69.12
222.4 197 -69.12
222.24 194.65 -69.12
222.05 192.3 -69.12
221.83 189.98 -69.12
221.58 187.7 -69.12
221.31 185.48 -69.12
220.95 183.31 -69.12
220.25 181.07 -69.12
219.26 178.84 -69.12
218.06 176.75 -69.12
216.75 174.92 -69.12
215.37 173.42 -69.12
213.71 172.07 -69.12
211.78 170.82 -69.12
209.65 169.69 -69.12
207.43 168.7 -69.12
205.2 167.87 -69.12
203.04 167.23 -69.12
200.87 166.7 -69.12
198.64 166.24 -69.12
196.37 165.84 -69.12
194.09 165.48 -69.12
191.81 165.12 -69.12
189.55 164.75 -69.12
187.09 164.33 -69.12
184.43 163.88 -69.12
181.81 163.44 -69.12
179.45 163.08 -69.12
177.61 162.86 -69.12
176.45 162.89 -69.12
175.53 164.02 -69.12
174.7 166.15 -69.12
174.02 168.87 -69.12
173.54 171.78 -69.12
173.3 174.48 -69.12
173.29 176.77 -69.12
173.32 179.04 -69.12
173.39 181.34 -69.12
173.48 183.64 -69.12
173.6 185.94 -69.12
173.74 188.22 -69.12
173.9 190.48 -69.12
174.14 192.71 -69.12
174.62 194.93 -69.12
175.28 197.13 -69.12
176.06 199.31 -69.12
176.91 201.47 -69.12
177.75 203.6 -69.12
178.59 205.72 -69.12
179.52 207.85 -69.12
180.54 209.93 -69.12
181.67 211.9 -69.12
182.92 213.74 -69.12
184.39 215.62 -69.12
186.04 217.39 -69.12
187.82 218.82 -69.12
189.69 219.7 -69.12
191.66 220.38 -69.12
193.74 221 -69.12
195.94 221.53 -69.12
198.26 221.93 -69.12
200.02 211.53 -77.76
200.02 211.53 -77.76
201.62 211.53 -77.76
203.23 211.53 -77.76
204.79 211.21 -77.76
206.31 210.69 -77.76
207.71 209.9 -77.76
209.14 209.17 -77.76
210.47 208.29 -77.76
211.81 207.39 -77.76
212.71 206.07 -77.76
213.51 204.68 -77.76
214.09 203.19 -77.76
214.88 201.78 -77.76
214.89 200.18 -77.76
214.89 198.57 -77.76
214.89 196.97 -77.76
214.61 195.39 -77.76
214.45 193.8 -77.76
214.45 192.19 -77.76
214.45 190.59 -77.76
214.45 188.99 -77.76
214.45 187.38 -77.76
214.45 185.78 -77.76
214.27 184.18 -77.76
213.59 182.75 -77.76
212.66 181.44 -77.76
211.72 180.14 -77.76
210.96 178.73 -77.76
210.2 177.3 -77.76
209.02 176.25 -77.76
207.75 175.26 -77.76
206.49 174.26 -77.76
205.08 173.51 -77.76
203.59 172.91 -77.76
202.08 172.39 -77.76
200.5 172.07 -77.76
198.94 171.74 -77.76
197.33 171.74 -77.76
195.73 171.74 -77.76
194.13 171.74 -77.76
192.52 171.74 -77.76
190.92 171.77 -77.76
189.47 172.46 -77.76
188.02 173.15 -77.76
186.86 174.18 -77.76
185.97 175.5 -77.76
184.71 176.51 -77.76
183.54 177.62 -77.76
182.66 178.92 -77.76
181.97 180.37 -77.76
181.33 181.78 -77.76
180.97 183.35 -77.76
180.6 184.89 -77.76
180.56 186.49 -77.76
180.56 188.1 -77.76
180.56 189.7 -77.76
180.56 191.3 -77.76
180.59 192.91 -77.76
180.91 194.47 -77.76
181.21 196.03 -77.76
181.47 197.56 -77.76
181.87 199.07 -77.76
182.12 200.6 -77.76
182.79 202.09 -77.76
183.48 203.53 -77.76
184.5 204.76 -77.76
185.64 205.89 -77.76
186.91 206.86 -77.76
188.2 207.85 -77.76
189.65 208.46 -77.76
191.41 209.03 -77.76
190.89 208.31 -77.76
191.61 208.38 -77.76
193.24 208.68 -77.76
194.87 208.69 -77.76
196.16 209.49 -77.76
196.89 210.9 -77.76
198.42 211.42 -77.76
200.02 211.53 -77.76
