206.63 229.58 0
210.42 227.2 0
213.63 223.81 0
216.18 220 0
218.45 215.91 0
220.64 211.85 0
222.71 207.72 0
225.11 203.59 0
227.4 199.43 0
228.57 195.13 0
228.67 190.6 0
228.73 185.93 0
228.43 181.33 0
227.77 176.75 0
227.84 172.12 0
228.07 167.5 0
228.79 163.02 0
230.67 158.67 0
230.98 154.16 0
230.98 149.52 0
230.77 144.91 0
230.5 140.3 0
230.74 135.63 0
230.95 131.12 0
229.03 126.89 0
226.23 123.13 0
222.89 119.82 0
219.13 117.26 0
214.92 115.08 0
210.52 113.8 0
205.98 113.33 0
201.33 112.99 0
196.74 112.43 0
192.18 111.71 0
187.61 111.05 0
183.02 110.51 0
178.42 110.06 0
173.85 110.08 0
169.3 110.99 0
164.81 112.14 0
160.31 113.45 0
156.15 115.21 0
152.33 117.84 0
148.9 121.04 0
145.99 124.57 0
143.51 128.51 0
141.1 132.55 0
138.76 136.76 0
137.23 141.09 0
137.02 145.53 0
137.19 150.15 0
137.49 154.82 0
138.07 159.37 0
139.31 163.84 0
140.65 168.25 0
141.89 172.7 0
143.1 177.17 0
144.12 181.67 0
144.76 186.22 0
145.26 190.81 0
146.01 195.37 0
146.77 199.92 0
147.23 204.59 0
147.76 209.13 0
149.58 213.13 0
152.65 216.85 0
155.4 220.61 0
158.47 223.99 0
162.14 226.84 0
166.08 229.27 0
170.26 231.44 0
174.68 232.1 0
179.32 232.35 0
183.97 232.6 0
188.57 232.92 0
193.18 233.26 0
193.18 233.26 0
193.18 233.26 0
198.04 232.68 0
202.52 231.35 0
206.44 232.16 -8.64
210.04 229.25 -8.64
213.76 226.6 -8.64
217.32 223.79 -8.64
220.61 220.6 -8.64
223.51 217.12 -8.64
226.23 213.38 -8.64
228.69 209.42 -8.64
230.41 205.28 -8.64
231.47 200.92 -8.64
232.21 196.35 -8.64
232.25 191.82 -8.64
231.37 187.33 -8.64
230.55 182.82 -8.64
230.65 178.29 -8.64
231.05 173.74 -8.64
231.21 169.19 -8.64
231.29 164.63 -8.64
231.35 160.07 -8.64
231.37 155.53 -8.64
230.98 151 -8.64
230.26 146.49 -8.64
229.38 142.01 -8.64
228.99 137.47 -8.64
228.81 132.88 -8.64
228.42 128.39 -8.64
226.64 124.15 -8.64
222.69 121.94 -8.64
218.9 119.1 -8.64
214.66 118.37 -8.64
210.01 118.17 -8.64
205.52 118.73 -8.64
201.11 120.07 -8.64
196.65 119.58 -8.64
192.25 118.24 -8.64
188.09 116.26 -8.64
183.9 114.58 -8.64
179.36 113.78 -8.64
174.89 113.47 -8.64
170.76 114.62 -8.64
166.81 117.11 -8.64
162.92 120.03 -8.64
159 122.55 -8.64
154.82 124.79 -8.64
151.1 127.31 -8.64
148.15 130.6 -8.64
145.53 134.7 -8.64
144.49 139.03 -8.64
144.69 143.56 -8.64
144.86 148.15 -8.64
144.95 152.71 -8.64
144.96 157.26 -8.64
144.87 161.82 -8.64
144.81 166.37 -8.64
145.52 170.87 -8.64
145.78 175.4 -8.64
145.78 179.96 -8.64
145.78 184.52 -8.64
145.79 189.09 -8.64
145.83 193.65 -8.64
145.89 198.18 -8.64
146.6 202.68 -8.64
147.83 207.09 -8.64
149.35 211.4 -8.64
151.34 215.5 -8.64
153.77 219.33 -8.64
156.68 222.93 -8.64
159.87 226.11 -8.64
163.43 229.06 -8.64
167.29 231.53 -8.64
171.4 233.3 -8.64
175.8 234.67 -8.64
180.22 235.85 -8.64
184.69 236.88 -8.64
189.2 237.1 -8.64
193.76 236.89 -8.64
193.76 236.89 -8.64
193.76 236.89 -8.64
198.34 235.91 -8.64
202.58 234.33 -8.64
203.68 231.32 -17.28
203.68 231.32 -17.28
208.1 230.13 -17.28
212.05 228.33 -17.28
215.46 226.07 -17.28
218.38 222.82 -17.28
221.08 219.27 -17.28
223.84 215.85 -17.28
226.13 212.21 -17.28
228 208.22 -17.28
229.15 204.05 -17.28
229.57 199.73 -17.28
229.88 195.37 -17.28
230.11 191.02 -17.28
230.42 186.69 -17.28
231.28 182.42 -17.28
230.89 178.11 -17.28
230.67 173.78 -17.28
230.7 169.43 -17.28
230.69 165.08 -17.28
230.67 160.73 -17.28
230.88 156.38 -17.28
231.08 152.04 -17.28
230.57 147.75 -17.28
229.78 143.47 -17.28
229.78 139.03 -17.28
229.63 134.86 -17.28
227.05 131.15 -17.28
223.78 128.3 -17.28
220.1 126.07 -17.28
216.2 124.11 -17.28
212.19 122.32 -17.28
208.18 120.63 -17.28
204.11 119.1 -17.28
200.06 117.48 -17.28
196.04 115.74 -17.28
191.9 114.6 -17.28
187.62 113.74 -17.28
183.27 113.23 -17.28
178.85 113.22 -17.28
174.35 113.35 -17.28
170.43 113.68 -17.28
167.07 115.99 -17.28
164.04 119.75 -17.28
161.22 123.38 -17.28
158.43 126.79 -17.28
155.82 130.37 -17.28
153.71 134.13 -17.28
152.16 138.14 -17.28
151.05 142.4 -17.28
150.65 146.7 -17.28
150.44 151.08 -17.28
150.73 155.38 -17.28
152.29 159.65 -17.28
153.45 163.74 -17.28
151.62 167.44 -17.28
149.42 171.22 -17.28
148.33 175.43 -17.28
147.66 179.81 -17.28
147.66 184.14 -17.28
148.12 188.48 -17.28
148.36 192.85 -17.28
148.54 197.21 -17.28
149.29 201.35 -17.28
151.27 205.32 -17.28
153.27 209.24 -17.28
155.27 213.11 -17.28
157.45 216.92 -17.28
159.77 220.75 -17.28
162.48 223.96 -17.28
165.98 226.36 -17.28
170.01 228.33 -17.28
174.02 229.99 -17.28
178.16 231.42 -17.28
182.35 232.54 -17.28
186.63 233.57 -17.28
190.92 234.05 -17.28
195.18 233.75 -17.28
195.18 233.75 -17.28
199.43 232.86 -17.28
203.43 232.66 -25.92
207.3 230.67 -25.92
210.87 228.53 -25.92
214.23 225.87 -25.92
217.48 223.04 -25.92
220.87 220.31 -25.92
223.87 217.36 -25.92
225.65 213.76 -25.92
226.99 209.65 -25.92
228.23 205.44 -25.92
229.74 201.42 -25.92
230.86 197.36 -25.92
231.13 193.16 -25.92
231.28 188.89 -25.92
231.5 184.62 -25.92
232.03 180.4 -25.92
232.72 176.19 -25.92
233.2 171.97 -25.92
233.26 167.66 -25.92
233.26 163.28 -25.92
232.77 159.53 -25.92
229.3 156.44 -25.92
228.25 152.57 -25.92
227.68 148.22 -25.92
226.81 143.99 -25.92
225.73 139.71 -25.92
224.32 135.78 -25.92
222.1 132.53 -25.92
218.69 129.74 -25.92
215.44 126.88 -25.92
212.3 124.01 -25.92
208.75 121.72 -25.92
205.05 119.6 -25.92
201.79 116.45 -25.92
198.46 114.37 -25.92
194.33 114.37 -25.92
189.93 114.37 -25.92
185.67 114.41 -25.92
181.4 114.54 -25.92
177.17 114.76 -25.92
172.63 115.18 -25.92
167.9 116.24 -25.92
165.82 118.08 -25.92
165.23 122.47 -25.92
164.41 126.99 -25.92
162.77 130.92 -25.92
160.86 134.75 -25.92
158.6 138.43 -25.92
156.26 142.06 -25.92
154.58 145.85 -25.92
153.7 149.97 -25.92
153.05 154.21 -25.92
152.54 158.43 -25.92
151.99 162.64 -25.92
151.31 166.83 -25.92
150.54 171.01 -25.92
150.54 171.01 -25.92
150.18 175.27 -25.92
150.07 179.52 -25.92
150.07 183.75 -25.92
150.47 187.96 -25.92
151.22 192.16 -25.92
152.08 196.35 -25.92
152.85 200.54 -25.92
153.62 204.78 -25.92
154.58 208.91 -25.92
156.03 212.83 -25.92
158.26 216.55 -25.92
160.98 219.68 -25.92
164.34 222.39 -25.92
167.62 225.2 -25.92
170.88 228.16 -25.92
174.37 230.38 -25.92
178.33 231.51 -25.92
182.59 232.3 -25.92
186.81 233.08 -25.92
191.05 233.86 -25.92
195.25 234.36 -25.92
195.25 234.36 -25.92
199.36 234.14 -25.92
203.06 234.52 -34.56
207.11 233.81 -34.56
210.97 232.8 -34.56
214.73 231.49 -34.56
218.16 229.22 -34.56
220.74 226.18 -34.56
222.85 222.57 -34.56
224.62 218.94 -34.56
226.15 215.15 -34.56
227.51 211.29 -34.56
228.72 207.41 -34.56
229.78 203.47 -34.56
230.81 199.53 -34.56
231.83 195.56 -34.56
232.64 191.58 -34.56
233.11 187.55 -34.56
233.45 183.46 -34.56
233.59 179.42 -34.56
232.61 175.49 -34.56
230.98 171.61 -34.56
230.56 167.71 -34.56
231.84 163.77 -34.56
232.53 159.78 -34.56
232.07 155.56 -34.56
230.99 151.97 -34.56
227.64 149.32 -34.56
225.29 146.14 -34.56
223.79 142.28 -34.56
222.43 138.35 -34.56
221.16 134.41 -34.56
219.19 131.21 -34.56
216.19 128.43 -34.56
212.66 125.98 -34.56
209.13 123.87 -34.56
205.52 121.91 -34.56
201.73 120.26 -34.56
197.85 119.25 -34.56
193.77 118.52 -34.56
189.65 118.01 -34.56
185.75 117.89 -34.56
182.08 119.37 -34.56
178.6 121.96 -34.56
175.33 124.43 -34.56
172.17 127.11 -34.56
169.33 130.04 -34.56
166.82 133.18 -34.56
164.33 136.59 -34.56
162.16 140.2 -34.56
160.64 143.94 -34.56
160 147.8 -34.56
159.67 151.89 -34.56
159.28 155.99 -34.56
158.67 160.02 -34.56
157.9 164.02 -34.56
156.93 167.96 -34.56
155.62 171.83 -34.56
154.63 175.77 -34.56
153.79 179.78 -34.56
153.09 183.83 -34.56
152.71 187.87 -34.56
152.85 191.87 -34.56
153.57 195.88 -34.56
154.67 199.87 -34.56
155.97 203.79 -34.56
157.3 207.62 -34.56
158.98 211.37 -34.56
160.99 214.87 -34.56
163.3 218.32 -34.56
165.89 221.64 -34.56
168.72 224.64 -34.56
171.74 227.1 -34.56
175.11 229.24 -34.56
178.83 231.19 -34.56
182.74 232.71 -34.56
186.65 233.6 -34.56
190.6 234.2 -34.56
194.67 234.63 -34.56
198.83 234.8 -34.56
198.83 234.8 -34.56
198.83 234.8 -34.56
201.07 232.43 -43.2
204.85 232.56 -43.2
208.53 232.53 -43.2
212.25 231.4 -43.2
215.6 229.54 -43.2
218.17 227.18 -43.2
220.33 223.95 -43.2
222.48 220.69 -43.2
224.83 217.71 -43.2
227.09 214.68 -43.2
228.96 211.46 -43.2
230.6 208.03 -43.2
231.87 204.48 -43.2
232.79 200.86 -43.2
233.58 197.16 -43.2
234.19 193.41 -43.2
234.58 189.66 -43.2
234.8 185.91 -43.2
234.98 182.14 -43.2
235.07 178.37 -43.2
235 174.6 -43.2
234.69 170.84 -43.2
234.23 167.09 -43.2
233.71 163.37 -43.2
232.98 159.6 -43.2
232.02 155.89 -43.2
230.85 152.38 -43.2
229.29 149.09 -43.2
227.09 145.94 -43.2
224.53 143.02 -43.2
221.82 140.48 -43.2
218.69 138.34 -43.2
215.72 135.93 -43.2
213.03 132.69 -43.2
210.39 129.49 -43.2
207.57 127.36 -43.2
204.33 127.06 -43.2
200.55 127.29 -43.2
196.63 127.71 -43.2
192.99 128.33 -43.2
189.57 129.79 -43.2
186.23 131.74 -43.2
182.89 133.65 -43.2
179.42 135.29 -43.2
176.13 137.1 -43.2
173.42 139.48 -43.2
171.06 142.46 -43.2
168.81 145.6 -43.2
166.4 148.56 -43.2
164.07 151.56 -43.2
162.46 154.82 -43.2
161.11 158.28 -43.2
160.05 161.94 -43.2
159.44 165.81 -43.2
159.44 165.81 -43.2
158.47 169.47 -43.2
157.75 173.16 -43.2
157.34 176.89 -43.2
157 180.65 -43.2
156.77 184.42 -43.2
156.7 188.19 -43.2
156.78 191.97 -43.2
156.96 195.73 -43.2
157.4 199.44 -43.2
158.49 203.1 -43.2
159.83 206.61 -43.2
161.55 209.92 -43.2
163.62 213.12 -43.2
165.71 216.29 -43.2
167.72 219.61 -43.2
169.84 222.81 -43.2
172.28 225.46 -43.2
175.27 227.72 -43.2
178.7 229.64 -43.2
182.24 230.75 -43.2
185.88 231.31 -43.2
189.67 231.73 -43.2
193.49 232.02 -43.2
197.27 232.24 -43.2
201.07 232.43 -43.2
200.33 231.8 -51.84
203.81 231.52 -51.84
203.81 231.52 -51.84
207.33 230.99 -51.84
207.33 230.99 -51.84
210.59 229.67 -51.84
213.64 228.04 -51.84
216.43 226.12 -51.84
219.03 223.79 -51.84
221.45 221.26 -51.84
223.69 218.64 -51.84
225.77 215.86 -51.84
227.92 213.1 -51.84
229.74 210.21 -51.84
230.95 206.98 -51.84
231.88 203.6 -51.84
232.7 200.24 -51.84
233.47 196.84 -51.84
234.07 193.42 -51.84
234.4 189.99 -51.84
234.59 186.53 -51.84
234.68 183.07 -51.84
234.6 179.6 -51.84
234.3 176.12 -51.84
233.86 172.68 -51.84
233.29 169.33 -51.84
232.19 166.07 -51.84
230.75 162.87 -51.84
229.33 159.67 -51.84
228.11 156.4 -51.84
226.83 153.18 -51.84
225.17 150.16 -51.84
223.11 147.24 -51.84
220.75 144.77 -51.84
218.09 142.73 -51.84
215.07 140.81 -51.84
211.82 139.22 -51.84
208.51 138.16 -51.84
205.19 137.67 -51.84
201.72 137.28 -51.84
198.2 137 -51.84
194.73 136.86 -51.84
191.33 137.04 -51.84
187.84 137.9 -51.84
184.42 139.28 -51.84
181.28 140.98 -51.84
178.63 142.81 -51.84
176.47 145.35 -51.84
174.61 148.49 -51.84
173.01 151.58 -51.84
171.67 154.84 -51.84
170.23 157.97 -51.84
168.14 160.65 -51.84
165.41 163.02 -51.84
163.29 165.6 -51.84
161.92 168.67 -51.84
160.79 172.04 -51.84
160.03 175.51 -51.84
159.64 178.92 -51.84
159.37 182.38 -51.84
159.21 185.86 -51.84
159.29 189.3 -51.84
159.8 192.74 -51.84
160.55 196.15 -51.84
161.35 199.51 -51.84
162.34 202.86 -51.84
163.57 206.09 -51.84
165.2 209.1 -51.84
167.17 211.99 -51.84
169.03 214.93 -51.84
170.91 217.86 -51.84
172.96 220.61 -51.84
175.22 223.35 -51.84
177.68 225.97 -51.84
180.35 228.05 -51.84
183.3 229.53 -51.84
186.61 230.85 -51.84
190.06 231.74 -51.84
193.48 231.95 -51.84
196.89 231.92 -51.84
200.67 228.22 -60.48
204.07 227.72 -60.48
207.46 226.87 -60.48
207.46 226.87 -60.48
210.84 225.73 -60.48
210.84 225.73 -60.48
214.13 224.46 -60.48
217.29 222.96 -60.48
220.3 221.29 -60.48
223.18 219.48 -60.48
226.19 217.45 -60.48
228.96 215.15 -60.48
230.87 212.56 -60.48
232.23 209.43 -60.48
233.17 205.94 -60.48
233.3 202.5 -60.48
232.84 199.06 -60.48
232.47 195.6 -60.48
232.53 192.14 -60.48
232.74 188.67 -60.48
233.03 185.23 -60.48
233.74 181.84 -60.48
234.66 178.47 -60.48
235.38 175.09 -60.48
235.66 171.64 -60.48
235.85 168.13 -60.48
235.97 164.66 -60.48
235.92 161.32 -60.48
234.68 158.12 -60.48
232.87 155 -60.48
231.38 151.8 -60.48
229.9 148.55 -60.48
228.16 145.66 -60.48
225.84 143.37 -60.48
222.9 141.41 -60.48
219.86 139.53 -60.48
217.03 137.42 -60.48
214.21 135.2 -60.48
211.28 133.44 -60.48
208.08 132.5 -60.48
204.55 131.82 -60.48
201.15 131.51 -60.48
198.13 132.27 -60.48
195.29 134.31 -60.48
192.52 136.87 -60.48
189.71 139.2 -60.48
186.57 141.03 -60.48
183.66 142.93 -60.48
181.9 145.46 -60.48
180.76 148.83 -60.48
179.83 152.54 -60.48
178.78 156.02 -60.48
177.28 158.73 -60.48
174.57 160.54 -60.48
171.23 162.16 -60.48
168.41 164.24 -60.48
166.23 166.87 -60.48
164.29 169.94 -60.48
162.96 173.23 -60.48
162.81 176.5 -60.48
163.4 179.82 -60.48
164.34 183.21 -60.48
165.37 186.63 -60.48
166.2 190.05 -60.48
166.68 193.48 -60.48
167.07 196.93 -60.48
167.67 200.32 -60.48
168.56 203.68 -60.48
169.66 206.98 -60.48
170.86 210.22 -60.48
172.2 213.51 -60.48
173.74 216.73 -60.48
175.54 219.6 -60.48
177.77 222.07 -60.48
180.57 224.41 -60.48
183.67 226.15 -60.48
186.83 227.02 -60.48
190.22 227.67 -60.48
193.75 228.13 -60.48
197.26 228.35 -60.48
201.14 222.23 -69.12
204.02 222.35 -69.12
206.97 222.13 -69.12
206.97 222.13 -69.12
209.86 221.62 -69.12
212.39 220.87 -69.12
214.74 219.33 -69.12
216.9 217.15 -69.12
218.8 214.73 -69.12
220.33 212.38 -69.12
221.58 209.78 -69.12
222.69 207.07 -69.12
223.8 204.42 -69.12
224.9 201.75 -69.12
225.97 199.08 -69.12
226.99 196.38 -69.12
227.96 193.67 -69.12
228.87 190.94 -69.12
229.72 188.2 -69.12
230.66 185.43 -69.12
231.56 182.64 -69.12
232.28 179.84 -69.12
232.66 177.03 -69.12
232.61 174.18 -69.12
232.28 171.18 -69.12
231.72 168.18 -69.12
230.98 165.33 -69.12
230.1 162.77 -69.12
228.83 160.64 -69.12
226.55 158.84 -69.12
223.97 157.09 -69.12
221.83 155.12 -69.12
219.99 152.93 -69.12
218.24 150.64 -69.12
216.48 148.33 -69.12
214.67 146.06 -69.12
212.86 143.55 -69.12
210.89 141.61 -69.12
208.38 140.66 -69.12
205.32 139.9 -69.12
202.24 139.37 -69.12
199.68 139.15 -69.12
197.87 140.2 -69.12
196.39 142.92 -69.12
194.95 146.1 -69.12
193.22 148.51 -69.12
190.87 149.92 -69.12
188.02 151.02 -69.12
185.05 152.04 -69.12
182.34 153.19 -69.12
180.28 154.71 -69.12
178.85 157.05 -69.12
177.64 159.84 -69.12
176.34 162.46 -69.12
174.86 165.07 -69.12
173.55 167.72 -69.12
172.76 170.41 -69.12
172.67 173.2 -69.12
172.72 176.08 -69.12
172.82 178.98 -69.12
173.01 181.85 -69.12
173.36 184.71 -69.12
173.78 187.56 -69.12
174.19 190.41 -69.12
174.64 193.27 -69.12
175.2 196.09 -69.12
175.95 198.82 -69.12
177.1 201.47 -69.12
178.35 204.09 -69.12
179.49 206.72 -69.12
180.64 209.36 -69.12
181.8 211.99 -69.12
182.96 214.63 -69.12
182.96 214.63 -69.12
185.17 216.72 -69.12
187.5 218.54 -69.12
189.95 219.89 -69.12
192.54 220.68 -69.12
195.32 221.34 -69.12
198.21 221.88 -69.12
200.86 212.78 -77.76
202.64 212.85 -77.76
202.64 212.85 -77.76
204.58 212.43 -77.76
206.42 211.88 -77.76
208.12 211.2 -77.76
209.67 210.41 -77.76
211.03 209.53 -77.76
212.17 208.59 -77.76
213.07 207.58 -77.76
213.74 206.49 -77.76
214.37 205.15 -77.76
214.95 203.6 -77.76
215.45 201.92 -77.76
215.84 200.16 -77.76
216.1 198.42 -77.76
216.2 196.74 -77.76
216.19 195.1 -77.76
216.16 193.41 -77.76
216.12 191.69 -77.76
216.05 189.96 -77.76
215.98 188.24 -77.76
215.88 186.57 -77.76
215.78 184.97 -77.76
215.66 183.46 -77.76
215.52 182.06 -77.76
215.17 180.65 -77.76
214.52 179.18 -77.76
213.61 177.7 -77.76
212.49 176.23 -77.76
211.19 174.84 -77.76
209.77 173.54 -77.76
208.27 172.4 -77.76
206.73 171.46 -77.76
205.2 170.74 -77.76
203.71 170.3 -77.76
202.28 170.13 -77.76
200.69 170.01 -77.76
198.99 169.91 -77.76
197.27 169.83 -77.76
195.59 169.78 -77.76
194.02 169.78 -77.76
192.43 170 -77.76
190.77 170.49 -77.76
189.09 171.22 -77.76
187.45 172.13 -77.76
185.91 173.18 -77.76
184.51 174.32 -77.76
183.32 175.52 -77.76
182.39 176.71 -77.76
181.76 177.88 -77.76
181.26 179.16 -77.76
180.79 180.63 -77.76
180.36 182.23 -77.76
179.99 183.93 -77.76
179.68 185.68 -77.76
179.44 187.44 -77.76
179.29 189.16 -77.76
179.25 190.81 -77.76
179.32 192.45 -77.76
179.51 194.14 -77.76
179.8 195.83 -77.76
180.18 197.51 -77.76
180.64 199.14 -77.76
181.14 200.68 -77.76
181.67 202.1 -77.76
182.29 203.41 -77.76
183.19 204.73 -77.76
184.31 206.02 -77.76
185.61 207.24 -77.76
187.01 208.34 -77.76
188.47 209.29 -77.76
189.9 210.02 -77.76
191.3 210.56 -77.76
192.76 211.07 -77.76
194.27 211.54 -77.76
195.84 211.97 -77.76
197.46 212.33 -77.76
199.14 212.61 -77.76
200.86 212.78 -77.76
