906
169.06 122.311 -25.3302 2
169.343 122.303 -25.3033 2
169.639 122.151 -24.4654 2
168.926 122.189 -24.562 2
169.05 122.583 -25.3032 2
169.356 122.596 -25.3013 2
168.884 122.855 -24.4657 2
169.708 122.921 -24.4917 2
169.674 121.348 -22.9911 2
168.283 121.606 -23.1162 2
167.982 122.85 -23.0034 2
170.379 122.251 -23.9338 2
170.729 121.994 -22.8414 2
170.442 122.739 -23.9641 2
168.997 123.526 -23.93 2
169.524 123.585 -23.9426 2
168.713 123.757 -22.8587 2
170.229 123.373 -23.5906 2
170.915 123.016 -22.9434 2
169.861 123.93 -22.8881 2
168.084 120.508 -22.0714 2
167.078 120.592 -21.7569 2
167.002 121.441 -22.1604 2
169.152 120.528 -22.1058 2
166.983 122.394 -22.1313 2
170.338 120.905 -21.7105 2
169.628 120.105 -20.8628 2
171.473 121.545 -20.9615 2
166.271 122.823 -20.8405 2
167.401 123.373 -21.7476 2
168.17 124.186 -21.1087 2
170.818 123.791 -22.3374 2
171.734 122.966 -21.3226 2
171.369 124.077 -20.8363 2
169.857 124.443 -21.0826 2
167.984 119.803 -20.7179 2
166.427 120.159 -20.5763 2
166.086 121.386 -21.0399 2
166.143 119.154 -18.8015 2
164.915 119.988 -18.6622 2
165.354 120.39 -19.8939 2
165.146 121.271 -20.0543 2
167.899 118.933 -18.8815 2
169.608 119.4 -18.9639 2
165.244 122.216 -20.0059 2
170.798 120.484 -20.3152 2
170.985 120.102 -18.8667 2
164.721 122.472 -18.803 2
165.594 123.387 -19.1483 2
166.94 123.867 -20.3738 2
166.599 124.281 -18.9544 2
171.991 121.076 -18.9574 2
172.445 122.198 -20.0408 2
172.761 122.065 -18.7395 2
172.563 123.074 -20.1234 2
172.344 123.851 -19.9967 2
168.138 124.859 -19.0871 2
169.87 125.035 -19.1662 2
171.45 124.763 -18.9705 2
172.549 124.125 -18.7286 2
164.501 121.211 -18.7769 2
165.374 118.836 -17.4891 2
164.168 119.535 -16.7543 2
163.777 121.212 -17.1886 2
167.334 118.343 -17.9079 2
166.463 118.421 -17.8857 2
166.034 118.176 -16.6608 2
164.019 122.933 -16.956 2
168.443 118.518 -17.5727 2
167.659 118.067 -16.6843 2
169.692 118.854 -16.9587 2
171.146 119.807 -16.9768 2
172.222 120.858 -16.9945 2
172.957 121.997 -16.9431 2
165.124 123.715 -17.7472 2
165.961 124.644 -17.0077 2
172.955 123.146 -18.7114 2
173.165 123.23 -16.9252 2
172.72 124.411 -16.9192 2
168.001 125.518 -16.9125 2
169.87 125.635 -17.289 2
171.536 125.391 -16.8725 2
166.016 117.768 -14.7722 2
164.646 118.185 -14.6629 2
164.87 118.499 -16.0958 2
167.571 117.728 -14.7778 2
168.825 118.215 -16.1627 2
168.95 118.054 -14.6858 2
163.594 119.024 -14.781 2
162.698 120.016 -14.5196 2
163.132 120.202 -15.8242 2
162.924 121.26 -15.9351 2
163.038 122.378 -15.8917 2
170.131 118.752 -14.8776 2
171.338 119.693 -14.9319 2
172.353 120.779 -14.9464 2
173.077 121.991 -14.9357 2
162.552 122.855 -14.5447 2
163.445 123.472 -15.467 2
164.606 124.078 -16.2763 2
164.049 124.444 -14.7402 2
173.326 123.329 -14.9307 2
172.983 124.645 -14.9467 2
165.697 125.268 -14.9736 2
167.281 125.901 -15.0555 2
168.803 126.15 -15.8962 2
169.921 126.22 -15.9725 2
168.49 126.408 -14.6083 2
170.974 126.082 -15.8819 2
172.154 125.61 -15.0232 2
171.249 126.292 -14.5903 2
165.912 117.553 -12.796 2
164.371 117.97 -12.8084 2
163.214 118.747 -12.9691 2
167.538 117.553 -12.7907 2
162.217 119.775 -12.7198 2
169.016 117.953 -12.7754 2
170.287 118.695 -12.8222 2
171.439 119.651 -12.8454 2
162.299 121.331 -14.4715 2
161.52 121.257 -12.5648 2
161.628 122.935 -12.5418 2
172.428 120.76 -12.8493 2
173.171 122.017 -12.8369 2
162.938 123.921 -13.9947 2
162.513 124.229 -12.5337 2
173.477 123.459 -12.8138 2
173.16 125.03 -12.7977 2
163.904 125.119 -12.8028 2
165.606 125.87 -13.0075 2
166.949 126.187 -13.6202 2
167.95 126.66 -12.7596 2
172.427 125.784 -13.537 2
171.654 126.47 -12.7086 2
169.918 126.553 -14.5253 2
169.884 126.826 -12.682 2
165.758 117.427 -10.7217 2
163.895 117.853 -10.7113 2
162.911 118.558 -11.456 2
167.495 117.467 -10.7282 2
161.771 119.319 -10.6396 2
169.03 117.908 -10.73 2
170.332 118.674 -10.7415 2
171.479 119.641 -10.7466 2
161.154 120.601 -11.2111 2
160.452 121.33 -10.2619 2
160.821 121.712 -11.5358 2
160.856 122.554 -11.529 2
172.482 120.756 -10.7372 2
173.291 122.023 -10.6994 2
160.493 122.925 -10.256 2
161.249 123.559 -11.1939 2
161.944 124.652 -10.6084 2
173.74 123.482 -10.6117 2
173.584 124.984 -10.5511 2
163.656 125.698 -10.8376 2
165.051 126.12 -11.4738 2
166.492 126.457 -12.1239 2
165.949 126.665 -10.5574 2
172.68 125.991 -12.009 2
172.859 126.17 -10.4106 2
167.909 127.047 -10.6244 2
169.863 127.206 -10.5614 2
171.6 126.918 -10.5222 2
163.977 117.529 -8.57734 2
162.511 118.071 -8.41994 2
162.662 118.314 -9.94068 2
165.725 117.282 -8.62615 2
167.469 117.415 -8.65746 2
169.017 117.902 -8.67312 2
170.324 118.689 -8.67744 2
171.477 119.657 -8.67667 2
161.362 118.936 -8.54087 2
160.358 119.964 -8.30359 2
160.762 120.149 -9.78317 2
172.511 120.761 -8.65433 2
173.427 122.005 -8.57232 2
159.619 121.346 -8.175 2
159.654 122.95 -8.17097 2
160.874 124.028 -9.76946 2
160.529 124.289 -8.28814 2
174.15 123.501 -8.28094 2
174.065 125.042 -8.24397 2
161.865 125.385 -8.52369 2
163.118 125.945 -9.27499 2
164.496 126.372 -9.9568 2
164.008 126.535 -8.43432 2
173.087 126.387 -8.39805 2
165.889 126.997 -8.53802 2
167.855 127.36 -8.5206 2
169.909 127.66 -8.26009 2
171.689 127.394 -8.23592 2
163.929 117.353 -6.56868 2
162.304 117.929 -6.61371 2
161.097 118.71 -6.7614 2
165.662 117.184 -6.58935 2
160.082 119.665 -6.60392 2
167.424 117.426 -6.67136 2
168.962 117.961 -6.71678 2
170.246 118.775 -6.71692 2
171.404 119.731 -6.72446 2
159.304 120.749 -6.59109 2
158.812 121.632 -6.23971 2
158.97 121.823 -7.29053 2
158.978 122.501 -7.28955 2
172.449 120.804 -6.70335 2
173.425 121.92 -6.66573 2
158.814 122.659 -6.24008 2
159.324 123.492 -6.58495 2
160.172 124.481 -6.56622 2
174.219 123.067 -6.524 2
174.684 123.994 -7.32803 2
174.743 123.905 -6.26589 2
174.662 124.602 -7.31943 2
161.411 125.447 -6.57918 2
162.749 126.16 -7.8034 2
162.624 126.235 -6.44713 2
174.166 125.508 -6.50128 2
174.73 124.704 -6.26125 2
173.282 126.557 -6.58565 2
164.077 126.727 -6.5815 2
165.851 127.102 -6.6328 2
167.703 127.436 -6.61535 2
169.395 127.797 -6.49809 2
170.588 128.06 -7.32013 2
171.271 127.977 -7.31514 2
170.492 128.121 -6.25525 2
172.216 127.448 -6.49827 2
171.39 128.03 -6.25684 2
163.905 117.253 -4.6362 2
161.928 118.032 -4.84934 2
160.914 118.646 -5.41393 2
165.5 117.143 -4.65363 2
159.967 119.503 -4.85575 2
167.348 117.598 -4.93074 2
168.835 118.158 -5.05067 2
170.016 119.034 -5.00792 2
171.195 119.942 -5.0607 2
159.229 120.479 -5.36177 2
158.862 121.329 -4.82483 2
172.197 121.03 -5.012 2
173.239 122.031 -5.06403 2
158.847 122.875 -4.83599 2
159.2 123.641 -5.37735 2
159.874 124.326 -4.90348 2
174.025 123.097 -5.00987 2
174.622 123.912 -5.01241 2
161.351 125.257 -4.91229 2
162.617 126.089 -4.97408 2
174.009 125.492 -5.01015 2
174.617 124.702 -5.01299 2
173.211 126.483 -5.06217 2
164.088 126.546 -4.97323 2
165.848 126.853 -4.96223 2
167.699 127.157 -4.95307 2
169.394 127.558 -4.95198 2
170.49 127.981 -4.98903 2
172.2 127.284 -5.00373 2
171.386 127.908 -5.00342 2
162.082 118.4 -3.67111 2
160.948 118.796 -3.72975 2
160.828 118.632 -4.3663 2
163.901 117.777 -3.54861 2
164.972 116.735 -3.98331 2
164.416 116.765 -3.97892 2
164.415 116.939 -3.59127 2
165.498 117.725 -3.56506 2
164.971 116.921 -3.59596 2
167.342 118.21 -3.76118 2
168.636 118.542 -4.00998 2
169.446 119.662 -3.68444 2
170.828 120.316 -3.98857 2
160.331 119.824 -3.57898 2
159.374 120.446 -3.74777 2
159.209 120.346 -4.36539 2
171.565 121.625 -3.71177 2
172.865 122.338 -4.05371 2
159.199 121.429 -3.73539 2
159.178 122.739 -3.76015 2
159.154 123.713 -4.40203 2
159.302 123.592 -3.81526 2
173.425 123.547 -3.90672 2
174.32 124.009 -4.19764 2
160.167 123.965 -3.73725 2
161.895 124.654 -3.58736 2
162.775 125.714 -3.97051 2
173.429 125.033 -3.92809 2
174.32 124.602 -4.20285 2
172.889 126.182 -4.11706 2
164.078 125.926 -3.79089 2
165.867 126.118 -3.70423 2
167.836 126.366 -3.69559 2
169.907 126.806 -3.78405 2
170.585 127.645 -4.15245 2
171.679 126.729 -3.90388 2
171.266 127.61 -4.18275 2
163.765 119.393 -2.92034 2
161.909 119.614 -3.1046 2
165.664 119.371 -2.92208 2
167.606 119.535 -3.12777 2
160.228 121.3 -3.19037 2
161.83 121.251 -2.82862 2
163.73 121.201 -2.64308 2
165.732 121.209 -2.612 2
167.755 121.287 -2.73979 2
169.718 121.403 -3.09169 2
160.192 122.809 -3.24778 2
161.824 122.994 -2.94533 2
163.745 123.049 -2.70112 2
165.77 123.092 -2.61324 2
167.824 123.162 -2.66049 2
169.844 123.26 -2.86334 2
171.744 123.375 -3.27204 2
163.83 124.721 -3.11224 2
165.811 124.81 -2.95411 2
167.849 124.933 -2.94665 2
169.884 125.094 -3.06507 2
171.771 125.115 -3.349 2
167.2814699807019 118.5874600246502 -8.621025044852706 3
169.2304937442563 122.3440868174127 -24.95168881355408 3
169.2199180342836 122.4788065227211 -25.13567652931648 3
169.4023672719131 122.4743869691248 -24.89547221406006 3
170.0185532678206 122.5502647658558 -24.13618143469249 3
170.042786551242 122.0252975313839 -23.54633771644289 3
169.244807762338 122.6332217781909 -24.87164969394572 3
169.2868825758961 123.1956275990022 -24.13462137419491 3
168.74711074102 123.1953786810428 -23.54648384655502 3
170.3235 123.01225 -23.74745 3
169.7718672433203 123.2986410606126 -23.69635604037435 3
168.7637113252289 121.1287994970757 -22.46269140942111 3
169.648029056617 120.8348412399075 -21.83097692283831 3
167.6848861610476 121.1295186392883 -22.10754076923258 3
168.3121129031016 123.0833057610505 -22.15205722556347 3
167.2552307485329 122.804226627993 -21.87137295051117 3
170.3469344175886 122.6506124855899 -23.359204982918 3
170.4112198562414 123.4603925601575 -22.93608372420579 3
171.1304314536209 123.4020455279386 -21.76077463212609 3
170.4140410732321 123.9160934672558 -21.8231087288773 3
167.5501166915209 120.7606544977692 -20.89291333592439 3
168.7275412793991 120.4540908397201 -21.35524542267469 3
166.7994717794171 121.0083021301658 -21.2695946320853 3
166.5855 122.011 -21.543025 3
170.3979920918198 121.058743822441 -20.97328197780029 3
170.0819524164084 120.314406614268 -19.77463039118619 3
171.9038477960768 122.5600679665624 -20.38952366111076 3
171.058678836585 121.0459930204092 -19.78399114787136 3
167.2201840267603 123.5112944729685 -21.00016026034583 3
165.7133861108772 122.552429562983 -19.62277665368166 3
166.6059885037662 123.2350163490604 -19.59654182841956 3
167.5468057731268 124.0388300760232 -19.79524838582215 3
171.9230611470171 123.4331800714902 -20.45726919461789 3
170.5912892032691 124.3385096646777 -19.93942557806862 3
171.7858021301159 123.9445494733624 -19.71248981643266 3
165.830180763343 120.8819644974083 -20.19952621683472 3
166.9450890211353 118.7504543608727 -18.31793164834378 3
166.0356689191822 118.7114069818525 -17.70470064148584 3
165.1605504742444 120.8373226451195 -19.26704109097783 3
165.0577030302206 121.7381063876345 -19.3450651718795 3
168.8725855465754 119.0910856370331 -17.9492717571994 3
167.8152971015214 118.5256734976091 -17.74579375624255 3
171.1967233024973 120.8073356073129 -17.7923687953756 3
165.0826605791086 122.9793355320804 -18.04735426653689 3
172.3257480800658 121.5791937487308 -17.88316332826922 3
172.4484986668378 122.69460490283 -19.40214914404116 3
172.3986420521115 123.4488439785961 -19.3972769008008 3
172.5409574601711 123.6037872951309 -17.8472159256889 3
165.2494027345998 118.9394254596014 -16.72602956111658 3
163.6194271812486 120.5714214439901 -16.36352062489487 3
163.4992555285451 119.8218144178794 -15.45034498166243 3
166.8655029464307 118.3734065023914 -17.25545035199832 3
165.4727230054038 118.3172471454502 -15.5390719661982 3
165.0419832936646 123.6396418048929 -16.94252602776693 3
163.3790607117257 122.8450628208733 -15.62166746644927 3
164.1441383905131 123.6535640412278 -15.75547003871878 3
168.5950736877241 118.5073115698272 -16.83397343079562 3
168.2076478105422 118.2540251890711 -15.56577470215327 3
169.2638671845708 118.6741980576243 -15.5855292305265 3
172.6265724605585 122.6989691400068 -15.82560726484184 3
165.172842819059 124.4727766758586 -15.76376390004273 3
172.4489300406267 123.789595586214 -15.90182342828402 3
169.1773583737244 125.7980464651671 -16.50862449347632 3
168.1808397361035 125.866999173337 -15.57679359961049 3
170.5490252407497 125.7959407121011 -16.47779231497471 3
171.43732036987 125.7890450695438 -15.59391696258098 3
165.2403379615636 117.892384158359 -13.74720055322319 3
163.95625 118.4815 -13.80535 3
169.5337531345337 118.4476490355712 -13.78321422433526 3
163.2479800828975 119.8211771962273 -13.58334892385928 3
163.1920828197822 120.810816269512 -15.12185308100403 3
162.8777994759541 121.956444774558 -15.12712742550839 3
171.3155736322994 120.5974381708518 -13.8696949664923 3
172.0465305787311 121.6019300290473 -13.9362550075669 3
163.3530120815643 123.5604481442984 -14.57980439395936 3
162.4831800693673 123.4501967148479 -13.36416833126373 3
163.467732509822 124.2732234241596 -13.54713260487519 3
173.0681162063412 124.0951608805983 -13.84128789073313 3
167.703073768691 126.1105948517733 -13.9797863077817 3
170.4347113464266 126.1007737329788 -15.21208498065742 3
171.7086338813798 125.708073234099 -13.95707369072919 3
170.5760028478691 126.2473394887517 -13.65297369255953 3
165.0704038954241 118.1790239128077 -11.64913712579368 3
162.6510964628026 119.2361332068712 -11.90074086967857 3
168.0782974106192 118.2910280559563 -11.91716796645745 3
170.607004793677 119.4748844638888 -11.87359868360684 3
161.3261199391895 122.0809964224813 -11.95055096323089 3
161.2416266902971 121.3596699759078 -11.27213654292089 3
161.2597080646015 122.8503011191549 -11.27175009725989 3
172.7724158079388 121.4578046270362 -11.75758199391832 3
172.3601730864314 125.6442182423924 -12.7385718030526 3
166.8766279113709 125.9968991147241 -12.6915220211213 3
165.834292929601 126.0548482073801 -11.71121456634732 3
168.8993906529382 126.8544829758809 -11.63384739252175 3
172.1750728359146 126.3505400298027 -11.40932289768207 3
166.4248237168454 118.1918291115229 -9.547762597843754 3
162.8636901486428 118.5728268258755 -10.67595879291951 3
163.4516125705422 118.208118651417 -9.42212070513292 3
168.1868775627025 117.8447811721996 -9.657549348088722 3
161.2573407010886 120.5304443916975 -10.38681146709494 3
161.1873357647806 119.7780010865029 -9.30770702005611 3
169.4233085160755 118.6378149539687 -9.6389948071368 3
170.7239247043254 119.5977961330782 -9.741882180602143 3
173.5939085095221 122.7871416176377 -9.52409098272068 3
161.2929820195192 123.6053742192518 -10.39664005936798 3
160.8472530354841 123.2792448531172 -8.941523486020186 3
161.4284322659507 124.478525646907 -9.320530051659327 3
173.2039277567442 125.5636551282257 -9.371316515832033 3
164.8648175479022 126.0599067037359 -10.6313762637285 3
163.848521187142 126.0203603567878 -9.587507710222953 3
165.1503597456782 126.4784621821584 -9.37788722222237 3
172.2190401473831 126.5535212581697 -9.3124270220107 3
168.8837121450148 127.3165680608925 -9.490860339129231 3
164.995310147053 117.9271468755285 -7.508824653199652 3
162.2115185245471 118.7174858242087 -7.548156063423495 3
168.2001531178844 117.7875086434537 -7.673912674091808 3
170.799948837106 119.3012870243475 -7.68587136708536 3
171.578885952978 120.5072918846292 -7.629224720951596 3
160.8672556753768 119.4485596925767 -7.495507551311134 3
172.6374876605474 121.5565568073768 -7.664978654958382 3
159.4326800282349 122.178487041066 -7.40554174098216 3
159.2711644231343 121.4388789667185 -7.042216205348831 3
159.5348260826416 122.7701750353832 -6.944722188005761 3
174.3548001645833 124.2704777839711 -7.757035738934102 3
174.4321934481885 123.6316495280938 -7.099462843558659 3
174.021752539022 124.7741518406261 -7.054953133033903 3
163.1229025421199 125.8182699411614 -8.446661827956618 3
162.2837393862334 125.5363082484987 -7.315488799700518 3
163.4040426934463 126.2568633917566 -7.327593008594804 3
168.7106045539552 126.9774535721334 -7.378446919602728 3
170.8441503313107 127.2928923980232 -7.609445438709454 3
170.2191045264992 127.7330165455681 -7.115471919893687 3
171.4658593994992 127.6399661195898 -7.096383267186243 3
164.7447453719101 117.5380954865314 -5.604016025621793 3
161.7245086503847 118.5417045173986 -5.88896914089432 3
160.7720920830741 119.3529887281077 -5.74700074299975 3
169.271452341549 118.6846028867365 -5.851645526475399 3
158.9631693398352 122.1548630369822 -6.766305450503968 3
173.6587294366988 122.5864615374157 -5.814497531000534 3
159.2330572724436 123.1049761321765 -5.724183405104193 3
159.7539725840211 123.8642488689695 -5.73334445299069 3
174.4239796063887 124.2528282392776 -6.842101841889882 3
162.2124110664058 125.4729034148783 -5.575242178931371 3
163.4215181370467 125.6926267654719 -5.829072382550438 3
173.5736588638089 125.9714787820372 -5.758016067149462 3
166.6697622628589 126.6768577909941 -5.927549222811209 3
170.9323996986001 127.8615549048943 -5.667596648325828 3
171.6974155896259 127.4543900789104 -5.695869023885495 3
164.3640322909894 117.2559636372091 -3.950988163503914 3
161.0377321644494 119.0182155098422 -4.888670366112017 3
161.4514791762765 118.6070805757079 -4.194744252815928 3
165.0466761377579 117.2212016260668 -3.957622080980186 3
159.6254868205486 120.5681629530338 -4.822101069269157 3
160.675738465314 119.2882823953841 -4.198815733760444 3
159.7846804719847 120.3393315726633 -4.21031862740039 3
168.0111627945556 118.1957573944258 -4.4905659487851 3
170.342717077655 119.8005299081649 -4.486669996872522 3
171.3767792105384 120.7896021504605 -4.523427518385853 3
159.2558410577593 120.9033595781151 -4.213671262985974 3
173.2029734500098 122.9570297516331 -4.747540360737995 3
159.4506113346272 123.5679291148429 -4.785873446003137 3
159.2382829818623 123.2197709580827 -4.233670520691421 3
159.6294520491034 123.7177202664697 -4.242614176366326 3
174.0510349841853 123.7606327236353 -4.595935935479481 3
174.1027153579034 124.3156863396572 -4.58846212182996 3
162.3924745898027 125.0310860528491 -4.689546746381946 3
163.5922971615588 125.5526062765363 -4.717612548450954 3
173.9781946773384 124.7709965729312 -4.646684597574223 3
173.3570116915569 125.7807740076439 -4.539774910889975 3
166.9378232071162 126.3109740701649 -4.590897586406744 3
168.7453403091319 126.8515199570027 -4.431940932110191 3
170.1357730488961 127.4573140448012 -4.506566397204528 3
170.9105502557329 127.5332117781978 -4.590552040525261 3
171.5802167999759 127.3382453182093 -4.566195818884991 3
161.2560197557418 119.2831019505515 -4.003994125880387 3
163.0406216340571 119.3140167064965 -3.849195173021956 3
164.6977232843973 116.9864420461754 -3.846245781277239 3
166.137942525851 119.1370712205284 -3.859800689435506 3
168.2444976829594 119.3713406703336 -4.094947938902376 3
170.3287746417169 120.8615601588363 -3.77829261753519 3
160.0055939514816 120.8392262550268 -3.82624054314123 3
161.2560434429666 120.6244261434427 -3.529130416967381 3
172.1774244559484 122.94741813047 -4.140763622747098 3
159.7070820100632 123.1956721151958 -3.857664956081346 3
173.855141018005 124.2937756849257 -4.321488547751427 3
161.0656451528984 123.290916744132 -3.788966105625712 3
163.1794788822038 125.1122243866187 -3.77525275451536 3
172.3892653481668 125.7179122891477 -3.945844749008458 3
164.9210052579116 125.181984662996 -3.694675609627303 3
170.8716485307249 127.2340123738124 -4.388851572390428 3
164.8236905631371 120.41515889556 -3.234958671981221 3
162.8301068742456 122.0906495839637 -3.025745745395138 3
164.8137928120015 122.2834015925906 -3.108129393339021 3
168.7854238077043 122.27970165318 -2.889911184669603 3
164.7149771106789 123.887127127832 -3.145464082619605 3
166.8247807692008 123.8927719506939 -3.101151476824443 3
168.8634654864182 123.9402310701736 -3.387930425146858 3
170.6887897943134 124.1096465769645 -3.468711407774035 3
167.4904224583702 119.5053931481241 -16.93764590910365 4
160.8845599753526 120.9494625954563 -4.67620469060792 4
170.8980327695058 126.8093212844172 -5.33582678707585 4
164.717833145159 125.0014657692804 -9.435692771699955 4
169.9760574509369 125.9747338981658 -4.94690820720786 4
170.0652357944921 125.3085740891479 -14.83030658183513 4
163.4189279803382 124.7978320481281 -6.899623707301792 4
173.6808711646805 124.3642618957111 -4.972253923287395 4
165.7515419951689 123.7303312960698 -15.09488383144138 4
165.2201908146875 123.3252076883257 -4.200501490710282 4
162.1959002644433 122.9885428495015 -9.559172088029149 4
164.0280807535784 123.1940181148874 -14.3350183962578 4
163.2717374069679 124.7361298031374 -4.948405273548431 4
168.7062055370984 119.6290021116892 -16.16206623736235 4
161.8957217993139 119.4904674072136 -4.520114867352987 4
165.7889082546611 125.3053658591082 -10.59951491084613 4
165.5885960872503 118.3677676968025 -5.885868629087701 4
164.5850580939195 120.5795947328468 -15.44405865416978 4
159.4419152986914 122.1290159713775 -6.451812742609618 4
159.9176278734058 123.1999350140354 -4.626925146672132 4
169.4652898122105 122.6519546992573 -23.53574096394794 4
171.4713840113144 122.9846452438139 -19.28068264431639 4
170.8144569195482 126.9518051797719 -7.014938579580289 4
163.9450506770096 125.0566695896473 -8.194268789174192 4
161.2708764226639 120.0246565224337 -5.793852685012767 4
170.9554921588275 121.447931635741 -5.21182194392695 4
169.5104466060624 121.6068477564045 -20.64222220141249 4
168.4529851589835 123.4877944863887 -4.077664764491393 4
167.487947888204 119.0986871332598 -15.80832580757441 4
159.8227985466292 121.3637770936642 -5.261710696844705 4
172.6389061248686 125.2518595001343 -4.81641819541233 4
167.372253560751 122.7452884150307 -19.61348414237336 4
166.213789959864 119.8852859689614 -17.36037964484738 4
173.4472568257569 123.9149575337283 -7.293964876309059 4
169.7984295966306 125.8933853419902 -9.754255672869613 4
167.2105669208912 126.1736587701875 -6.736445725499959 4
166.6320785783224 118.7112086109441 -14.6276121938498 4
171.1562832543426 122.915110842787 -20.45995091383148 4
169.1010209238975 122.495742317603 -24.96335559742208 4
169.1914191360574 121.9620600778879 -23.68326343204175 4
170.1638923913033 121.7295912576359 -21.77395223655896 4
167.6528720620261 122.0872815085376 -22.52494379420674 4
171.0795352181503 122.462873007612 -21.95658278902756 4
169.3256925682865 123.3442150846244 -23.36807112790015 4
168.8022942877786 119.9618149759824 -19.91158956532021 4
171.64229657005 122.0893182471592 -19.63988054546108 4
165.74130723818 121.8798125767331 -20.37002478474895 4
169.2814561477998 123.8387388888369 -19.99086188396443 4
167.2154098339676 120.0515539115438 -19.42954495360858 4
165.8716313796838 120.1209051256527 -19.34499488201558 4
165.2785734915854 119.5239260621012 -17.66387957389846 4
169.943300213924 120.3412656889432 -18.03170861508038 4
164.6262423181089 121.9406527058381 -17.85341642615184 4
166.1412024772786 123.4409260230154 -17.99268075095137 4
167.4640417938861 124.4081568486316 -17.70329237235067 4
172.5602551722095 122.6914394254322 -17.87293399055382 4
169.0362761954358 124.8934180813804 -17.94632537912888 4
170.6133095182458 124.7861175769394 -17.90786311342385 4
171.721102903375 124.3197877029717 -17.73767855299558 4
164.9800970842342 119.511462013638 -15.41649245220814 4
163.5393961426109 121.9092574663541 -16.41629380853487 4
166.7902260162162 118.521098132715 -15.58578005646106 4
169.8707498764292 120.0359755651057 -16.00694402200432 4
171.940926028034 121.7820801314513 -15.85241849531958 4
167.023352322514 124.7469667763521 -15.56537451979836 4
172.0994701107305 124.8583610320805 -15.870438875805 4
168.0553785124951 118.8169361073744 -13.9272768454639 4
163.018986620717 120.9912660611623 -13.43713269372857 4
170.269429981928 119.7875473105542 -13.72255495584443 4
172.4836034627475 122.7846593096462 -13.85969700080799 4
162.6025573879021 122.0454681110454 -13.27737644585327 4
172.1764306227079 124.9100786631201 -14.03871851366331 4
166.5423640194158 125.0694604876307 -13.6844992357356 4
169.3039957525321 125.7876901158563 -15.27993794502704 4
169.0530506651032 126.1931968544818 -13.58597230498373 4
166.6475079060353 117.645580612508 -11.75367258506063 4
164.0833141572638 118.8732819043712 -11.84417745715811 4
161.9956587165406 120.5206125145103 -11.63378543634512 4
169.2088314853902 119.0705265147116 -11.89414133393003 4
171.538621116504 120.5853970840622 -11.79407926411685 4
162.0850628385107 123.6369421716579 -11.4525393476568 4
172.8462726071236 123.0240803479953 -11.64157494869181 4
172.4357413937462 125.027611632777 -11.3087542554393 4
164.7354437848533 125.3882646581069 -11.9138538402134 4
167.1338187196657 126.1083016463925 -11.37117354359126 4
170.4183593285994 126.0265058142945 -11.44249389218404 4
164.8794098473058 118.2910144556891 -9.558948058827777 4
162.1525634528417 118.7573206572163 -9.382262808649864 4
171.6422274737365 120.6693481987689 -9.642699276401064 4
161.1907386003138 122.0841392724063 -10.76472835131132 4
160.824947921624 121.9869931234817 -8.68448121685019 4
160.4761293275904 120.7931101985523 -9.086142552080455 4
162.7366389233 125.2452418238635 -9.583209854726842 4
173.1945577551888 124.057261551539 -9.482360331769334 4
170.6272858474896 126.6946582464173 -9.31712772960204 4
163.387328529932 118.334777421274 -7.343055265910807 4
166.5836587676737 118.5812457662366 -7.486946878730538 4
169.2408965948797 118.7686020129857 -7.726233980605872 4
160.2247639714132 120.7066487954937 -7.310732472797479 4
173.5083796629449 122.7118132310359 -7.550683415839007 4
161.5316809818355 124.102611925455 -7.224139874100064 4
173.4413416807845 125.5845880728489 -7.374307999057558 4
166.7820725113899 127.0174838964965 -7.540150100901776 4
166.483881659943 117.8229879368804 -5.645426641677493 4
160.0185898620971 120.4151820408631 -5.648281514822161 4
167.9649699325798 118.2732744606954 -5.619780807642432 4
170.4928227587793 119.686669718604 -5.856106924733603 4
171.4375084240933 120.7391031863782 -5.835295595788607 4
159.0935902389971 121.0756159896582 -5.749856894703315 4
172.2535196826652 122.1745842235497 -5.586884105029036 4
161.0235910314233 124.5268325033282 -5.718856987192789 4
174.1287648732316 123.794277744536 -5.55468568827267 4
174.3355853791014 124.3250031665678 -5.648703178568883 4
173.947290961919 124.9627708842227 -5.66206963048852 4
172.6092036625379 126.6281757708678 -5.762274755894508 4
164.9186666581942 126.5823780675062 -5.827477847238932 4
168.6725187450155 126.8110631048134 -5.769358325163457 4
170.0802943658514 127.6194302036945 -5.696938034266974 4
170.9044529760939 127.8370772591747 -6.865748117056611 4
163.1700987230207 118.3234659261409 -4.42950057282 4
164.7056108069218 117.1795651138347 -4.116375087456414 4
166.2925462927778 117.9077347504843 -4.373309684336714 4
168.9953091484641 119.257928136501 -4.739744297349196 4
159.2869635078609 122.1299401073992 -4.4263277544721 4
172.0366536661916 122.2993424339518 -4.875326459518435 4
160.9079403505742 123.922245457999 -4.66735462283885 4
172.483302328224 126.5894193714371 -4.565571207105378 4
164.9922654221888 125.8330725114188 -4.77200586931977 4
164.7051645443832 117.3447813514398 -3.787158467702655 4
164.8877171757841 118.8662854917043 -3.642265454559302 4
168.6085406694016 120.6722162669047 -3.792976412567393 4
170.7718930906919 122.584630376942 -3.744104864238964 4
159.9087806129953 122.0555200661752 -3.76110216023034 4
172.485842355917 124.2777100173315 -4.063951057603738 4
162.8638566413607 123.8174910131869 -3.487716409741643 4
166.8866108095612 125.1665886163944 -4.104794445114655 4
170.9438459522501 125.6948865351738 -3.957808275996242 4
162.7448892676489 120.4425852668817 -3.252079515039837 4
166.5917587117929 120.4106380694598 -3.789983590571277 4
161.2185819472765 121.8919787143753 -3.690127152191058 4
166.6661222403985 122.0464151845678 -3.634662925414312 4
165.6500756213998 122.1829375697168 -7.610684143917735 5
167.485301970109 122.179387935602 -11.29583395266002 5
169.4018087543261 123.9389350270947 -7.894896686635223 5
167.1912375317453 121.3241255533454 -15.41259918654678 5
170.8792518204774 123.7907185279036 -6.88698495603971 5
169.7846850912411 123.2985308038771 -14.91400907602132 5
161.8963724699778 121.7999242651445 -5.918305638910846 5
163.5270841426018 121.993048842985 -9.917330644558497 5
170.4869323437047 123.4314433946484 -11.87935598747251 5
167.5465756099682 120.6536289412131 -6.022714316408456 5
164.9449273755008 121.9338540583888 -12.90235376713123 5
167.1384577187387 124.1765428232017 -6.018173013022248 5
169.4265031189641 122.4299926690193 -17.82581773815668 5
164.1421475491493 123.8133427636606 -5.767984716833107 5
165.9465418687518 120.2951840854488 -9.584272954669084 5
166.7599122320017 124.0754175438899 -9.11640969457373 5
170.411081448459 126.2245370587648 -6.070979026248819 5
167.0545003561931 121.2857708536624 -17.90704082000232 5
164.8734638126487 120.0107547621385 -5.608927804023647 5
169.6404240211538 121.5690561357252 -9.760320067839153 5
168.8261788845924 120.9704061015979 -13.27146694699377 5
169.7608037259531 121.7826966527389 -5.937348511851067 5
163.3490195939756 120.5285133859424 -7.72788226164753 5
167.4414759121213 123.4164707890897 -13.65385077453928 5
163.6222710626379 123.6648778603828 -8.126789086671089 5
167.7451345338985 121.8064841933668 -8.024493416507685 5
171.1206762986052 124.1153899471951 -9.411225413260711 5
168.1847004380795 121.8994908951866 -20.29399827043885 5
168.9822608369808 124.6716928589511 -9.969283695637717 5
166.3556504807026 120.2511870160901 -12.52145531909084 5
172.1503208935766 124.4998816901279 -5.81533241575127 5
166.2437102754391 122.0674493904752 -5.103284457258056 5
169.3487767068519 123.9703378691139 -5.0630189504814 5
160.5691040450664 122.4218330779042 -5.150412504543929 5
168.5518356368628 120.1875219317738 -11.18302478776827 5
168.6930002917922 125.4039780417927 -7.00000364009545 5
165.193732248837 123.5212366392394 -10.98582764654176 5
162.0098599953913 122.170516380943 -8.19496103924272 5
165.336464490325 124.667172195697 -7.230298843572101 5
166.1454550084605 119.5546830231396 -7.440883740162821 5
162.7600096839224 120.0614595894794 -5.708565012801559 5
165.3710106810324 120.2034221131044 -14.58187675553685 5
170.2218480559474 121.4898186998234 -11.84046381037651 5
169.5664216761149 120.5372291977897 -7.64393805114963 5
169.4632110163103 121.0509276819052 -15.0669246035686 5
171.0939681702401 122.5964827136447 -13.41331773524788 5
173.4947554513476 124.2369236595592 -6.290107572130914 5
164.3349609221844 120.0028374058694 -11.30335173849869 5
171.0674383125752 122.5108160543859 -8.34439812955041 5
165.2390418573081 122.0355200985061 -15.31284252837059 5
163.9551050464243 121.6706826483652 -5.128134582037892 5
170.3090005894275 125.574035219095 -8.307642729892883 5
169.1930907815753 124.6266914535323 -13.1652606453904 5
167.6009174663495 124.5749557954391 -11.77673304116035 5
170.2883183248525 122.5910956770144 -19.52968172398521 5
171.1035778282388 122.942834166622 -5.159197080354987 5
168.098801395537 122.2161962870186 -4.787495059202723 5
170.8646694068559 122.3440267079165 -16.39392269321958 5
172.1537029654734 124.9154104528365 -7.399192915826835 5
165.6171788400143 124.9839646580664 -4.981374818503739 5
171.2911889369362 122.4636389903903 -10.38685768982959 5
167.6868318660783 119.7166351535063 -14.64941876319077 5
167.5679877306598 123.4798289909162 -15.84802750963131 5
168.3375144262427 120.2145023110824 -9.246636794847376 5
168.4813136786649 122.6658857047881 -12.73405468550242 5
165.6717432145785 122.3332779166085 -9.361218940359743 5
160.7839507387719 122.4154214469913 -7.073114874157117 5
161.5073439922005 120.7478510750989 -7.098947765234466 5
164.0239841384386 119.7854904873196 -9.42523379175337 5
168.2001935866654 122.6197736395504 -6.650867206973448 5
166.5812316272073 119.2884225099172 -5.008794421469831 5
171.1562844663976 124.5776629603013 -13.21637500731775 5
166.9157144184701 121.5214091250656 -13.60609406841939 5
162.176682304017 123.6364412545417 -6.908078924650949 5
169.2010704564276 120.1596041589157 -6.17731829111965 5
167.9755384913183 119.4646118263124 -7.352157742890415 5
171.2179954778692 123.0032674865314 -18.03486157738514 5
168.2536863052302 122.9082486137765 -9.683139808106219 5
162.0219336657763 123.367772449483 -4.813805149761104 5
166.0325272491019 122.8617365781103 -16.65222789507231 5
164.3860662891463 119.1805412112305 -7.272475488804409 5
163.581300469172 122.2012864413033 -7.059944766207795 5
165.6981579868781 120.8202258903273 -16.67327330812512 5
166.9665281435819 125.456495179934 -7.90220661837447 5
168.7820211219216 122.2548818870532 -21.62689936468856 5
168.2316637483061 125.396092608662 -5.25148469931764 5
164.5376156723355 120.1307004929871 -13.15483815580294 5
171.3364540768619 124.0559869646289 -14.92070756845094 5
169.5209016142725 122.6662817099601 -22.64336311507599 5
168.4995222682099 120.6875863200945 -18.00713962935014 5
171.2086590458653 125.3618940638562 -11.11137262697321 5
165.7293841367826 123.7997447191342 -12.8973520571473 5
166.8616766793815 121.5067227127342 -19.5270365272169 5
165.6738733766928 121.7117947553644 -11.13325272387081 5
161.8427552397807 122.0352931368155 -10.94466091234948 5
164.0298348416966 121.408488762477 -14.26149782057329 5
166.7651665243048 123.2619276038895 -7.516605454454015 5
172.4886016771331 123.3039257065882 -5.55291566599312 5
171.4551563904732 122.2196908318268 -6.616699011336787 5
163.4351155099156 123.9851682764655 -9.705410414395871 5
170.3854329766373 121.0884108364621 -13.90201691612776 5
162.4400009868687 120.7462439196866 -9.20788417558464 5
168.0136338716093 119.3666362895313 -13.01310272622602 5
168.3335172639819 122.2354592838743 -14.4482847397244 5
165.0283665995522 120.6658840312187 -8.16215437664504 5
165.6293015258018 123.6836562066444 -6.188093285653786 5
163.2719410062583 122.5863079074637 -11.74582799667797 5
170.3674326577677 124.0596290425045 -16.42146693115248 5
169.3226602963464 125.0907361914725 -11.64269045101549 5
165.7631034516329 120.5660108555585 -4.420764043437887 5
167.2359888497907 119.0111259241914 -9.950929030057154 5
167.6429719719263 123.0939099189233 -17.85807655453688 5
164.4942900597669 125.3295482224971 -5.907072235429329 5
162.5708974522662 121.1515174438919 -4.388125597453941 5
170.2251098218395 123.0029025662345 -9.40825452602363 5
169.3600286544543 122.7475042128837 -10.79360386554137 5
168.0334636540566 119.4876607846394 -5.019948762430226 5
163.9221012599627 119.1440385515696 -4.573067793910884 5
167.0566737545218 123.5328865245307 -4.428281291968055 5
171.7542000889351 125.9869340557741 -4.881083492353501 5
168.7854972956475 123.1882687077414 -19.29275453008013 5
167.0661457540792 121.5209436185036 -9.812918796097836 5
169.3303287858107 120.688792871166 -4.764244435360713 5
169.6855448786802 122.5154176543954 -4.487452052368039 5
165.9791620181979 120.871206139864 -6.4697574424533 5
171.8583595453513 124.2070343752384 -11.84634076291283 5
171.021667594526 124.3660758407258 -4.711475349555243 5
169.9539334635964 124.9013670531927 -6.508173545725692 5
163.3406105064431 121.1029314444245 -12.41896187824044 5
164.2198242657032 122.2269217062808 -8.485219246813228 5
171.8510801707132 122.6189210448252 -12.00811147212372 5
167.4031837904397 120.8310453049313 -4.453658496384818 5
169.5756515029694 121.0356386604588 -19.20015986183331 5
168.8364599244426 125.8814883654271 -8.575660425032787 5
169.7576260734654 120.7054685519645 -16.95647185582937 5
166.0660422083869 119.457464469578 -15.95978308222012 5
169.2762301799809 126.2222113746103 -5.927366176663809 5
162.8799765336074 120.5431579204964 -10.75464395703807 5
166.8266301818978 123.5799627793985 -10.69834624967912 5
167.4456715753891 125.4303055026186 -9.912545175439947 5
165.2694233667744 123.4852937026576 -8.226615462119586 5
164.1876719171681 120.5963756258196 -6.838695676029288 5
167.9641232301117 124.1063184899165 -8.094417239844582 5
172.4278442413458 123.1512300577923 -7.996971943221975 5
162.8912717771819 119.2725632452005 -6.980247127367485 5
170.1161154619911 122.8177618843799 -21.04060813561813 5
166.7357729689911 125.6318708308585 -5.496785923812255 5
170.6355173323805 121.6046687024657 -18.38553372359313 5
169.1728201745142 122.0585819306264 -8.34890122320218 5
169.6825988111062 123.1834462409784 -6.245409246741943 5
169.8807282117602 126.4292426136066 -7.112985995137829 5
169.6528783150662 120.0350079074186 -10.0787927410712 5
171.9793098969824 126.0905619273776 -6.010843506077574 5
165.4139116331532 118.8956899093838 -8.71300373352215 5
165.2499965620406 118.9630025832521 -10.49444006210457 5
165.7258683357522 121.2355625653291 -18.87594333003915 5
160.8222337985462 121.4321042589134 -6.0615594585497 5
160.6481383677785 123.2606557034982 -6.087959760179361 5
166.1867965077579 119.0435001640473 -13.4667402069552 5
166.7868966247277 122.2251688247281 -6.345157147927871 5
167.7302984587129 120.9748145241649 -12.19798367766149 5
166.6766438054404 120.3209916172143 -10.89064421930279 5
167.2602900007707 118.9649135554546 -11.61071843736508 5
163.9985160779998 120.6169946689151 -4.111611620194253 5
170.840357333923 122.1876935763155 -14.86899706002851 5
169.7968117790102 123.8287146661345 -17.94387745912745 5
167.2078604882636 120.1045900166463 -18.17502723842032 5
163.4675992195048 122.3967753882044 -13.22479693674847 5
166.7693975476856 122.7376305777192 -12.34164137150869 5
169.0182622392691 122.5165085304498 -16.09825413913642 5
168.0198449864453 121.9540498039422 -18.73196074012972 5
166.5382788074055 120.7567497571646 -8.259807676247975 5
167.5056912237983 118.8730745666054 -6.112617281130555 5
168.0043950467785 121.6742567211252 -16.91684658015069 5
164.1415816083619 123.4535948891149 -7.152512292728378 5
168.8050267911068 124.707521052665 -15.73521022636977 5
167.7220131285929 124.8925650359366 -13.40588928446506 5
168.5606081628935 121.2556910691549 -6.814285262099069 5
164.6943965373646 121.1225535230725 -9.552596214996106 5
169.9558581873223 122.1665069342375 -7.202003329070545 5
172.1137157620266 123.9363956597491 -6.596454502450122 5
163.3931751469786 123.3560800108171 -4.335241669777791 5
165.3083078754288 118.8359921944049 -12.02875957330805 5
168.4535056205889 121.2879950827203 -10.3140498107275 5
171.3660561792613 125.602658779782 -9.4378916937046 5
166.0247506264816 125.6096974298051 -9.057243735173898 5
169.4445512597778 122.406610531915 -13.58764578222946 5
168.4546086014002 124.0398638505841 -6.59422098660345 5
161.4242703388044 122.1352248256006 -4.230008186415426 5
170.8550715287477 121.1496664481443 -6.601117090104083 5
165.6509739724168 121.9370579440009 -17.51270552748698 5
169.9375756525613 120.1600821247557 -11.45697254592053 5
170.5829919694536 124.1824591545862 -8.22037895910557 5
167.9445070351348 120.5989651535396 -19.33245669812148 5
163.5310006385848 119.223707650598 -8.232800501128033 5
162.1929562252844 123.890799688102 -8.391010895678697 5
162.4551908935181 124.5347625488143 -5.84872460791921 5
169.1152437365745 119.4922642712355 -8.233522545365197 5
165.3175343496434 119.3484931567371 -4.427345643523671 5
164.770041985553 118.2200431146743 -4.471869213945725 5
169.0320546652445 119.6600258631082 -13.96511866617597 5
169.8354460567583 120.1057285059386 -12.7938607046517 5
172.8545478714591 125.3724156324519 -6.355797092073349 5
168.3990704911727 124.1548027539658 -14.45626713077537 5
164.2115021966182 123.5623661291156 -12.65170207671564 5
170.1985463824235 123.50368484934 -13.23348468211155 5
168.9227632383738 123.7443246019576 -11.65346876691667 5
166.1377106120927 124.8352871201084 -11.9488032251819 5
164.4180256744326 124.7071930034962 -4.359318892255676 5
171.1049157280097 121.1414391722002 -9.740906192380567 5
171.1117167007443 124.9196873747765 -6.433064013334679 5
163.505598255207 118.5990549961149 -5.687043907980983 5
162.7200764460853 121.0825772416205 -6.341972294998931 5
170.8319536454618 120.8525458058529 -8.122972022864076 5
172.6366818833464 124.5890311241231 -8.85602125249184 5
162.9042874530152 122.6315449337006 -5.636323076034599 5
172.1670536456761 122.8937883258342 -9.266187051363675 5
168.7643441827633 124.0953096647799 -17.37902429108274 5
169.0691295559571 121.2938588260415 -11.74957665921855 5
164.8035644913203 121.9431811911604 -3.818196014966532 5
166.8593305220882 122.7047183449265 -8.873053039845967 5
172.3168741285651 124.0862363756959 -10.5575236560539 5
165.8681931135422 122.3696508879358 -14.10913520733011 5
166.5553188744062 122.4168917941638 -18.71982484942307 5
168.3364896690856 123.0924608465717 -5.441436276260677 5
164.7656646709082 122.3404142297296 -6.103533895226201 5
170.4091405993045 123.9944713633764 -10.43962549729923 5
165.6701086648678 125.7859049090588 -6.294154893208064 5
167.0194356666952 124.4305232307186 -14.53672517311238 5
161.3007083768354 120.9173652213301 -8.397543866650334 5
161.375868968224 121.7205014450752 -9.591406381027944 5
171.1920963353709 125.829402867832 -7.445724028153315 5
166.977943243199 122.5868871985689 -14.68021793195695 5
168.958819252725 122.5338035915544 -23.5035404258259 5
169.3494897010167 123.2842975946912 -21.88491847934983 5
165.0974847970703 120.7782409680862 -17.71856589838969 5
170.7612482648332 121.15000042411 -15.93297401012501 5
166.8318370000456 118.3345123498889 -13.77244322885877 5
165.1593695593051 124.3621024371798 -13.79978888210722 5
163.7254709704232 124.0092734742957 -11.48786227604604 5
172.739286379986 124.1261351838206 -11.44911590742144 5
172.2859207671571 121.7970244642941 -9.686163716133944 5
167.1114808269489 126.2568591205019 -9.208440463229238 5
160.6575964627721 123.4437759251437 -6.991791548161268 5
165.3239355872918 126.1621974526413 -7.45885993931847 5
172.2947826942526 126.2977046392513 -7.156611215690162 5
163.2451061119628 118.0183522901942 -5.433946354898479 5
159.2935363482468 122.1713876646137 -5.394057582848993 5
168.9253569813069 124.9721625184723 -4.365538666575341 5
