71.134 125.32 0
73.185 126.45 0
75.3 127.45 0
77.507 128.23 0
79.812 128.64 0
82.151 128.56 0
84.457 128.16 0
86.739 127.64 0
86.739 127.64 0
89.025 127.13 0
91.329 126.72 0
93.637 126.33 0
95.938 125.9 0
98.217 125.37 0
100.43 124.62 0
102.48 123.49 0
104.35 122.08 0
106.09 120.5 0
107.72 118.83 0
109.31 117.11 0
110.9 115.4 0
112.5 113.69 0
113.99 111.88 0
115.24 109.9 0
115.97 107.68 0
116.23 105.35 0
116.43 103.02 0
116.57 100.68 0
116.65 98.341 0
116.59 96.001 0
115.92 93.758 0
114.81 91.693 0
113.5 89.757 0
112.11 87.872 0
110.76 85.963 0
109.37 84.075 0
107.92 82.237 0
106.39 80.465 0
104.76 78.787 0
103 77.243 0
101.09 75.894 0
99.004 74.83 0
96.845 73.926 0
94.645 73.126 0
92.401 72.458 0
90.113 71.966 0
87.786 71.711 0
85.445 71.717 0
83.107 71.84 0
80.776 72.051 0
78.453 72.34 0
76.14 72.7 0
73.839 73.13 0
71.555 73.641 0
69.351 74.43 0
67.287 75.533 0
65.379 76.889 0
63.644 78.461 0
62.17 80.28 0
61.104 82.364 0
60.274 84.552 0
59.596 86.793 0
59.035 89.066 0
58.571 91.36 0
58.196 93.67 0
57.879 95.99 0
57.587 98.312 0
57.332 100.64 0
57.134 102.97 0
57.014 105.31 0
57.051 107.65 0
57.532 109.94 0
58.377 112.12 0
59.466 114.2 0
60.724 116.17 0
62.093 118.07 0
63.548 119.9 0
65.239 121.52 0
67.112 122.93 0
69.105 124.15 0
72.205 124.35 -8
73.999 125.65 -8
75.92 126.76 -8
77.958 127.64 -8
80.025 128.45 -8
82.125 129.17 -8
84.264 129.76 -8
86.446 130.17 -8
88.66 130.33 -8
88.66 130.33 -8
90.876 130.2 -8
93.071 129.87 -8
95.237 129.39 -8
97.372 128.78 -8
99.424 127.94 -8
101.25 126.67 -8
102.87 125.16 -8
104.34 123.5 -8
105.71 121.74 -8
106.99 119.94 -8
108.26 118.11 -8
109.52 116.28 -8
110.71 114.41 -8
111.76 112.45 -8
112.57 110.39 -8
112.98 108.21 -8
113.01 105.99 -8
112.98 103.77 -8
112.93 101.55 -8
112.87 99.333 -8
112.78 97.115 -8
112.67 94.898 -8
112.47 92.688 -8
111.92 90.536 -8
111.11 88.47 -8
110.12 86.486 -8
108.99 84.578 -8
107.72 82.754 -8
106.27 81.076 -8
104.66 79.547 -8
102.91 78.182 -8
101.01 77.026 -8
98.961 76.183 -8
96.815 75.618 -8
94.646 75.148 -8
92.461 74.755 -8
90.263 74.447 -8
88.054 74.233 -8
85.837 74.128 -8
83.618 74.156 -8
81.405 74.32 -8
79.202 74.592 -8
77.011 74.948 -8
74.832 75.369 -8
72.709 76.017 -8
70.687 76.932 -8
68.772 78.054 -8
66.987 79.373 -8
65.401 80.925 -8
64.012 82.656 -8
62.791 84.51 -8
61.755 86.473 -8
60.93 88.533 -8
60.382 90.684 -8
59.995 92.869 -8
59.677 95.066 -8
59.433 97.272 -8
59.28 99.486 -8
59.252 101.71 -8
59.553 103.9 -8
60.165 106.04 -8
60.971 108.11 -8
61.88 110.13 -8
62.817 112.14 -8
63.798 114.13 -8
64.909 116.05 -8
66.14 117.9 -8
67.484 119.67 -8
68.946 121.34 -8
70.523 122.9 -8
73.259 123.83 -16
75.021 125.06 -16
76.806 126.26 -16
78.635 127.39 -16
80.527 128.41 -16
82.499 129.27 -16
84.559 129.88 -16
86.693 130.14 -16
88.836 129.97 -16
88.836 129.97 -16
90.93 129.49 -16
92.97 128.81 -16
94.962 128 -16
96.916 127.1 -16
98.806 126.08 -16
100.57 124.84 -16
102.21 123.46 -16
103.74 121.95 -16
105.17 120.34 -16
106.48 118.64 -16
107.67 116.85 -16
108.72 114.97 -16
109.65 113.04 -16
110.47 111.05 -16
111.17 109.01 -16
111.74 106.94 -16
112.25 104.85 -16
112.72 102.76 -16
113.11 100.64 -16
113.38 98.509 -16
113.47 96.361 -16
113.24 94.224 -16
112.71 92.141 -16
111.96 90.126 -16
111.06 88.177 -16
110.03 86.287 -16
108.92 84.448 -16
107.64 82.722 -16
106.12 81.199 -16
104.43 79.868 -16
102.59 78.755 -16
100.66 77.804 -16
98.681 76.975 -16
96.644 76.288 -16
94.557 75.774 -16
92.429 75.464 -16
90.292 75.229 -16
88.152 75.031 -16
86.008 74.874 -16
83.861 74.766 -16
81.711 74.72 -16
79.567 74.866 -16
77.47 75.341 -16
75.443 76.057 -16
73.485 76.946 -16
71.592 77.965 -16
69.828 79.193 -16
68.263 80.666 -16
66.866 82.3 -16
65.626 84.057 -16
64.549 85.917 -16
63.639 87.865 -16
62.801 89.844 -16
62.038 91.854 -16
61.382 93.902 -16
60.877 95.991 -16
60.571 98.119 -16
60.519 100.27 -16
60.641 102.41 -16
60.881 104.55 -16
61.217 106.67 -16
61.637 108.78 -16
62.16 110.87 -16
63.08 112.81 -16
64.335 114.56 -16
65.745 116.18 -16
67.197 117.76 -16
68.609 119.39 -16
70.044 120.99 -16
71.573 122.5 -16
74.279 123.56 -24
76.062 124.68 -24
77.91 125.69 -24
79.821 126.58 -24
81.796 127.31 -24
83.801 127.96 -24
85.826 128.54 -24
87.888 128.96 -24
87.888 128.96 -24
89.987 129.14 -24
92.092 129.04 -24
94.183 128.79 -24
96.256 128.42 -24
98.306 127.93 -24
100.32 127.33 -24
102.24 126.45 -24
103.91 125.17 -24
105.38 123.66 -24
106.69 122.01 -24
107.86 120.26 -24
108.9 118.42 -24
109.8 116.52 -24
110.63 114.59 -24
111.37 112.61 -24
111.97 110.59 -24
112.35 108.52 -24
112.46 106.42 -24
112.44 104.31 -24
112.4 102.21 -24
112.34 100.1 -24
112.25 97.997 -24
112.15 95.893 -24
111.85 93.808 -24
111.29 91.777 -24
110.52 89.815 -24
109.6 87.919 -24
108.56 86.089 -24
107.4 84.327 -24
106 82.759 -24
104.36 81.431 -24
102.58 80.303 -24
100.75 79.272 -24
98.884 78.288 -24
96.978 77.393 -24
95.013 76.632 -24
92.984 76.068 -24
90.897 75.783 -24
88.791 75.763 -24
86.684 75.777 -24
84.578 75.801 -24
82.472 75.836 -24
80.366 75.883 -24
78.278 76.166 -24
76.335 76.98 -24
74.548 78.095 -24
72.871 79.369 -24
71.244 80.707 -24
69.613 82.04 -24
68.007 83.404 -24
66.475 84.849 -24
65.073 86.421 -24
63.907 88.176 -24
63.184 90.154 -24
62.79 92.224 -24
62.485 94.308 -24
62.251 96.401 -24
62.092 98.502 -24
62.015 100.61 -24
62.059 102.71 -24
62.268 104.81 -24
62.611 106.89 -24
63.061 108.95 -24
63.603 110.98 -24
64.245 112.99 -24
65.22 114.85 -24
66.45 116.56 -24
67.842 118.14 -24
69.341 119.62 -24
70.913 121.03 -24
72.561 122.34 -24
75.93 121.86 -32
77.624 122.91 -32
79.386 123.84 -32
81.215 124.62 -32
83.081 125.32 -32
84.97 125.95 -32
86.904 126.42 -32
88.886 126.61 -32
88.886 126.61 -32
90.877 126.58 -32
92.865 126.48 -32
94.851 126.33 -32
96.831 126.13 -32
98.807 125.87 -32
100.75 125.44 -32
102.58 124.66 -32
104.3 123.65 -32
105.89 122.46 -32
107.36 121.11 -32
108.66 119.6 -32
109.73 117.93 -32
110.65 116.16 -32
111.41 114.32 -32
111.97 112.41 -32
112.27 110.44 -32
112.3 108.45 -32
112.29 106.46 -32
112.27 104.46 -32
112.24 102.47 -32
112.2 100.48 -32
112.1 98.495 -32
111.7 96.544 -32
111.06 94.658 -32
110.25 92.838 -32
109.33 91.073 -32
108.33 89.351 -32
107.26 87.674 -32
105.99 86.143 -32
104.57 84.748 -32
103.06 83.449 -32
101.49 82.215 -32
99.947 80.96 -32
98.409 79.696 -32
96.792 78.535 -32
95.015 77.637 -32
93.053 77.294 -32
91.062 77.299 -32
89.072 77.349 -32
87.082 77.422 -32
85.093 77.517 -32
83.106 77.634 -32
81.124 77.824 -32
79.174 78.226 -32
77.268 78.802 -32
75.409 79.516 -32
73.601 80.351 -32
71.865 81.325 -32
70.279 82.53 -32
68.842 83.908 -32
67.558 85.429 -32
66.455 87.086 -32
65.592 88.881 -32
64.865 90.735 -32
64.227 92.621 -32
63.692 94.539 -32
63.282 96.487 -32
63.03 98.462 -32
62.988 100.45 -32
63.216 102.43 -32
63.653 104.37 -32
64.228 106.28 -32
64.889 108.16 -32
65.6 110.02 -32
66.465 111.81 -32
67.493 113.52 -32
68.65 115.14 -32
69.915 116.67 -32
71.284 118.12 -32
72.754 119.46 -32
74.306 120.71 -32
75.93 122.47 -40
77.279 123.75 -40
78.757 124.88 -40
80.415 125.73 -40
82.174 126.33 -40
83.96 126.86 -40
85.772 127.27 -40
87.61 127.56 -40
89.467 127.68 -40
89.467 127.68 -40
91.308 127.42 -40
93.065 126.81 -40
94.734 125.99 -40
96.346 125.06 -40
97.934 124.09 -40
99.483 123.06 -40
100.95 121.92 -40
102.34 120.68 -40
103.65 119.36 -40
104.89 117.98 -40
106.05 116.52 -40
107.18 115.04 -40
108.29 113.55 -40
109.3 111.99 -40
110.13 110.33 -40
110.63 108.54 -40
110.76 106.68 -40
110.84 104.82 -40
110.9 102.96 -40
110.93 101.1 -40
110.95 99.243 -40
110.86 97.385 -40
110.52 95.557 -40
109.98 93.777 -40
109.29 92.051 -40
108.46 90.386 -40
107.49 88.799 -40
106.3 87.374 -40
104.82 86.237 -40
103.23 85.28 -40
101.57 84.438 -40
99.879 83.662 -40
98.18 82.905 -40
96.49 82.126 -40
94.79 81.373 -40
93.052 80.71 -40
91.259 80.213 -40
89.414 79.978 -40
87.554 79.976 -40
85.695 80.027 -40
83.836 80.112 -40
81.98 80.228 -40
80.126 80.378 -40
78.302 80.743 -40
76.554 81.379 -40
74.889 82.208 -40
73.319 83.206 -40
71.905 84.413 -40
70.742 85.865 -40
69.754 87.441 -40
68.907 89.097 -40
68.177 90.808 -40
67.548 92.559 -40
66.961 94.324 -40
66.418 96.103 -40
65.944 97.902 -40
65.569 99.724 -40
65.329 101.57 -40
65.273 103.43 -40
65.485 105.28 -40
65.919 107.08 -40
66.502 108.85 -40
67.178 110.58 -40
67.904 112.3 -40
68.751 113.95 -40
69.779 115.5 -40
70.923 116.97 -40
72.141 118.38 -40
73.397 119.75 -40
74.654 121.12 -40
77.627 119.65 -48
78.591 120.94 -48
79.638 122.17 -48
80.82 123.28 -48
82.198 124.12 -48
83.752 124.57 -48
85.34 124.87 -48
86.944 125.07 -48
88.559 125.15 -48
90.172 125.05 -48
90.172 125.05 -48
91.764 124.77 -48
93.329 124.36 -48
94.867 123.86 -48
96.38 123.3 -48
97.863 122.65 -48
99.268 121.85 -48
100.59 120.92 -48
101.83 119.88 -48
102.97 118.74 -48
104.01 117.5 -48
104.91 116.16 -48
105.68 114.74 -48
106.36 113.27 -48
106.94 111.76 -48
107.36 110.2 -48
107.57 108.6 -48
107.57 106.98 -48
107.53 105.37 -48
107.47 103.75 -48
107.38 102.14 -48
107.28 100.52 -48
107.14 98.912 -48
106.83 97.326 -48
106.33 95.788 -48
105.69 94.303 -48
104.94 92.872 -48
104.09 91.497 -48
103.15 90.184 -48
102 89.042 -48
100.69 88.095 -48
99.323 87.238 -48
97.953 86.38 -48
96.629 85.453 -48
95.291 84.545 -48
93.847 83.819 -48
92.302 83.344 -48
90.741 82.925 -48
89.166 82.559 -48
87.578 82.258 -48
85.977 82.035 -48
84.365 81.907 -48
82.749 81.937 -48
81.163 82.253 -48
79.64 82.795 -48
78.183 83.495 -48
76.807 84.343 -48
75.644 85.465 -48
74.684 86.767 -48
73.871 88.164 -48
73.177 89.624 -48
72.59 91.13 -48
72.061 92.658 -48
71.567 94.197 -48
71.126 95.752 -48
70.764 97.327 -48
70.506 98.923 -48
70.385 100.54 -48
70.408 102.15 -48
70.516 103.76 -48
70.692 105.37 -48
70.922 106.97 -48
71.2 108.56 -48
71.561 110.14 -48
72.168 111.64 -48
72.961 113.05 -48
73.862 114.39 -48
74.817 115.69 -48
75.777 116.99 -48
76.704 118.32 -48
81.399 116.84 -56
82.291 117.7 -56
83.246 118.49 -56
84.287 119.17 -56
85.432 119.65 -56
86.65 119.88 -56
87.88 120.04 -56
89.115 120.15 -56
90.355 120.19 -56
90.355 120.19 -56
91.595 120.18 -56
92.835 120.14 -56
94.074 120.08 -56
95.311 119.99 -56
96.542 119.83 -56
97.623 119.23 -56
98.454 118.31 -56
99.134 117.28 -56
99.735 116.19 -56
100.29 115.08 -56
100.85 113.98 -56
101.45 112.89 -56
102.08 111.82 -56
102.69 110.74 -56
103.21 109.61 -56
103.56 108.42 -56
103.66 107.19 -56
103.63 105.95 -56
103.57 104.71 -56
103.48 103.47 -56
103.39 102.23 -56
103.29 101 -56
103.19 99.762 -56
103.05 98.53 -56
102.83 97.31 -56
102.38 96.154 -56
101.74 95.088 -56
100.99 94.105 -56
100.14 93.201 -56
99.217 92.371 -56
98.231 91.618 -56
97.184 90.954 -56
96.09 90.368 -56
94.959 89.86 -56
93.789 89.447 -56
92.585 89.151 -56
91.355 88.99 -56
90.12 88.873 -56
88.884 88.777 -56
87.645 88.706 -56
86.406 88.662 -56
85.165 88.676 -56
83.96 88.965 -56
82.83 89.476 -56
81.757 90.1 -56
80.707 90.759 -56
79.671 91.441 -56
78.665 92.168 -56
77.7 92.947 -56
76.788 93.787 -56
75.95 94.701 -56
75.227 95.709 -56
74.691 96.828 -56
74.381 98.028 -56
74.15 99.247 -56
73.969 100.47 -56
73.843 101.71 -56
73.781 102.95 -56
73.858 104.18 -56
74.175 105.38 -56
74.638 106.53 -56
75.178 107.65 -56
75.737 108.76 -56
76.281 109.87 -56
76.866 110.97 -56
77.499 112.03 -56
78.184 113.07 -56
78.925 114.06 -56
79.727 115.01 -56
80.552 115.94 -56
89.588 108.24 -64
89.957 108.2 -64
90.321 108.13 -64
90.681 108.04 -64
91.041 107.95 -64
91.405 107.88 -64
91.774 107.85 -64
92.144 107.84 -64
92.515 107.83 -64
92.886 107.82 -64
93.241 107.71 -64
93.538 107.5 -64
93.759 107.2 -64
93.923 106.87 -64
94.052 106.52 -64
94.16 106.17 -64
94.252 105.81 -64
94.332 105.44 -64
94.402 105.08 -64
94.463 104.71 -64
94.515 104.35 -64
94.554 103.98 -64
94.566 103.61 -64
94.527 103.24 -64
94.419 102.89 -64
94.241 102.56 -64
94.009 102.27 -64
93.74 102.02 -64
93.449 101.79 -64
93.143 101.58 -64
92.828 101.38 -64
92.504 101.2 -64
92.173 101.03 -64
91.832 100.89 -64
91.481 100.77 -64
91.122 100.68 -64
90.756 100.62 -64
90.387 100.58 -64
90.016 100.56 -64
89.646 100.56 -64
89.275 100.55 -64
88.904 100.56 -64
88.533 100.57 -64
88.163 100.59 -64
87.794 100.63 -64
87.428 100.69 -64
87.068 100.77 -64
86.714 100.89 -64
86.373 101.03 -64
86.048 101.21 -64
85.749 101.43 -64
85.483 101.69 -64
85.258 101.98 -64
85.077 102.3 -64
84.943 102.65 -64
84.857 103.01 -64
84.816 103.38 -64
84.813 103.75 -64
84.841 104.12 -64
84.891 104.49 -64
84.955 104.85 -64
85.027 105.22 -64
85.102 105.58 -64
85.18 105.94 -64
85.26 106.3 -64
85.347 106.66 -64
85.449 107.02 -64
85.579 107.37 -64
85.757 107.69 -64
85.995 107.98 -64
86.292 108.2 -64
86.63 108.35 -64
86.993 108.28 -64
87.363 108.25 -64
87.733 108.24 -64
88.104 108.24 -64
88.475 108.24 -64
88.846 108.24 -64
89.217 108.24 -64
89.588 108.24 -64
