207.75 228.05 0
212.17 227 0
216.59 225.94 0
216.59 225.94 0
220.14 223.3 0
222.8 219.62 0
225.72 216.14 0
229.58 213.75 0
233.04 210.8 0
235.83 207.22 0
238.28 203.4 0
240.76 199.6 0
244.52 197.04 0
248.7 195.27 0
252.28 192.47 0
256.04 189.93 0
259.46 186.95 0
262.39 183.48 0
264.86 179.66 0
267.09 175.71 0
269.2 171.68 0
271.12 167.57 0
272.86 163.38 0
274.27 159.06 0
275.04 154.58 0
275.05 150.04 0
274.48 145.54 0
273.19 141.18 0
271 137.21 0
267.97 133.82 0
264.29 131.16 0
260.03 129.6 0
255.51 129.13 0
250.97 129.06 0
246.43 129.12 0
241.91 129.52 0
237.41 130.17 0
232.87 130.08 0
228.35 129.62 0
223.88 128.85 0
219.4 128.06 0
215.02 126.87 0
210.91 124.93 0
206.88 122.85 0
202.56 121.43 0
198.03 121.13 0
193.51 121.51 0
189.06 122.43 0
184.74 123.82 0
180.85 126.17 0
177.57 129.31 0
174.16 132.3 0
171 135.57 0
169.17 139.73 0
168.81 144.25 0
169 148.79 0
167.76 153.16 0
166.23 157.44 0
164.39 161.58 0
162.46 165.7 0
160.41 169.75 0
158.64 173.93 0
157.59 178.35 0
157.32 182.88 0
157.44 187.42 0
157.49 191.96 0
158.43 196.41 0
159.88 200.71 0
162.03 204.71 0
164.85 208.27 0
167.63 211.86 0
170.36 215.49 0
173.61 218.66 0
177.28 221.34 0
181.25 223.54 0
185.43 225.3 0
189.66 226.96 0
194.14 227.72 0
198.68 227.8 0
203.21 228.09 0
206.82 228.39 -8.64
211.05 227.93 -8.64
215.12 226.71 -8.64
215.12 226.71 -8.64
219.12 225.24 -8.64
223.28 223.78 -8.64
227.22 222.19 -8.64
230.93 220.11 -8.64
233.66 216.88 -8.64
235.37 212.98 -8.64
237.18 209.12 -8.64
238.97 205.26 -8.64
241.12 201.59 -8.64
244.02 198.49 -8.64
247.43 195.93 -8.64
250.94 193.53 -8.64
254.28 190.9 -8.64
257.37 187.97 -8.64
260.42 185 -8.64
263.27 181.84 -8.64
265.61 178.29 -8.64
267.08 174.29 -8.64
268.19 170.18 -8.64
269.08 166.02 -8.64
269.75 161.82 -8.64
270.09 157.58 -8.64
269.58 153.39 -8.64
267.62 149.63 -8.64
265.11 146.18 -8.64
262.69 142.68 -8.64
260.45 139.06 -8.64
257.1 136.55 -8.64
252.85 136.59 -8.64
248.59 136.67 -8.64
244.33 136.76 -8.64
240.08 136.85 -8.64
235.82 136.9 -8.64
231.57 136.81 -8.64
227.38 136.06 -8.64
223.33 134.78 -8.64
219.35 133.25 -8.64
215.38 131.73 -8.64
211.32 130.46 -8.64
207.12 129.76 -8.64
202.87 129.71 -8.64
198.61 129.81 -8.64
194.36 129.99 -8.64
190.11 130.25 -8.64
185.88 130.69 -8.64
182.02 132.28 -8.64
178.97 135.22 -8.64
176.47 138.66 -8.64
174.29 142.31 -8.64
172.3 146.08 -8.64
170.51 149.93 -8.64
169.09 153.95 -8.64
167.23 157.78 -8.64
164.74 161.23 -8.64
162.12 164.58 -8.64
159.89 168.21 -8.64
158.94 172.34 -8.64
159.09 176.6 -8.64
159.41 180.84 -8.64
159.89 185.07 -8.64
160.48 189.29 -8.64
161.18 193.48 -8.64
162.07 197.65 -8.64
163.38 201.7 -8.64
165.05 205.61 -8.64
167.06 209.36 -8.64
169.39 212.92 -8.64
172.14 216.17 -8.64
175.26 219.06 -8.64
178.62 221.68 -8.64
182.17 224.02 -8.64
185.93 226.02 -8.64
189.9 227.56 -8.64
194.05 228.47 -8.64
198.3 228.6 -8.64
202.56 228.53 -8.64
208.08 229.31 -17.28
212.02 227.99 -17.28
215.9 226.52 -17.28
215.9 226.52 -17.28
219.45 224.77 -17.28
222.9 222.47 -17.28
226.16 219.9 -17.28
229.29 217.18 -17.28
232.39 214.43 -17.28
235.44 211.61 -17.28
238.35 208.66 -17.28
241.17 205.61 -17.28
243.93 202.52 -17.28
246.69 199.42 -17.28
249.49 196.36 -17.28
252.34 193.34 -17.28
255.19 190.33 -17.28
258 187.28 -17.28
260.75 184.16 -17.28
263.55 181.11 -17.28
266.31 178.01 -17.28
268.56 174.53 -17.28
269.97 170.63 -17.28
271.03 166.62 -17.28
271.54 162.51 -17.28
271.15 158.39 -17.28
270.08 154.38 -17.28
268.52 150.54 -17.28
266.53 146.91 -17.28
263.91 143.74 -17.28
260.23 142.15 -17.28
256.09 142.37 -17.28
251.96 142.7 -17.28
247.82 143.02 -17.28
243.68 143.22 -17.28
239.53 143.22 -17.28
235.39 143.03 -17.28
231.25 142.72 -17.28
227.15 142.1 -17.28
223.34 140.47 -17.28
219.55 138.77 -17.28
215.5 137.88 -17.28
211.4 137.24 -17.28
207.27 136.85 -17.28
203.13 136.78 -17.28
198.98 136.86 -17.28
194.83 136.99 -17.28
190.69 137.22 -17.28
186.67 138.2 -17.28
182.92 139.98 -17.28
179.46 142.26 -17.28
176.26 144.9 -17.28
173.3 147.81 -17.28
170.83 151.14 -17.28
168.9 154.81 -17.28
167.18 158.59 -17.28
165.37 162.32 -17.28
163.46 166 -17.28
161.6 169.71 -17.28
159.95 173.52 -17.28
158.7 177.47 -17.28
158.09 181.57 -17.28
158.27 185.71 -17.28
158.91 189.81 -17.28
159.87 193.85 -17.28
161.07 197.82 -17.28
162.45 201.73 -17.28
164.04 205.56 -17.28
166.11 209.16 -17.28
168.55 212.51 -17.28
171.28 215.63 -17.28
174.28 218.5 -17.28
177.53 221.08 -17.28
180.9 223.49 -17.28
184.38 225.75 -17.28
188.01 227.76 -17.28
191.82 229.41 -17.28
195.81 230.53 -17.28
199.94 230.84 -17.28
204.06 230.32 -17.28
207.26 229.75 -25.92
211.17 228.78 -25.92
215 227.5 -25.92
215 227.5 -25.92
218.73 225.97 -25.92
221.85 224 -25.92
224.77 221.22 -25.92
227.39 218.15 -25.92
229.92 215 -25.92
232.55 211.94 -25.92
235.35 209.04 -25.92
238.21 206.19 -25.92
241.06 203.33 -25.92
243.86 200.43 -25.92
246.58 197.44 -25.92
249.14 194.32 -25.92
251.52 191.06 -25.92
253.71 187.67 -25.92
255.73 184.17 -25.92
257.58 180.59 -25.92
259.28 176.92 -25.92
260.81 173.19 -25.92
262.27 169.43 -25.92
263.79 165.69 -25.92
265.27 161.93 -25.92
266.58 158.12 -25.92
267.58 154.21 -25.92
268.05 150.2 -25.92
266.82 146.36 -25.92
263.51 144.19 -25.92
259.61 143.15 -25.92
255.59 142.83 -25.92
251.55 142.91 -25.92
247.52 143.07 -25.92
243.49 143.26 -25.92
239.46 143.57 -25.92
235.45 143.98 -25.92
231.43 144.4 -25.92
227.41 144.73 -25.92
223.38 144.88 -25.92
219.39 144.26 -25.92
215.62 142.82 -25.92
211.79 141.55 -25.92
207.77 141.29 -25.92
203.73 141.27 -25.92
199.69 141.26 -25.92
195.66 141.28 -25.92
191.63 141.49 -25.92
187.61 141.9 -25.92
183.67 142.71 -25.92
179.99 144.37 -25.92
176.63 146.6 -25.92
173.64 149.3 -25.92
171.21 152.52 -25.92
169.24 156.04 -25.92
167.55 159.71 -25.92
166.04 163.45 -25.92
164.57 167.21 -25.92
163.12 170.98 -25.92
161.76 174.78 -25.92
160.59 178.64 -25.92
159.72 182.58 -25.92
159.27 186.59 -25.92
159.43 190.62 -25.92
160.18 194.59 -25.92
161.36 198.45 -25.92
162.83 202.21 -25.92
164.5 205.88 -25.92
166.32 209.48 -25.92
168.45 212.91 -25.92
170.9 216.12 -25.92
173.66 219.07 -25.92
176.73 221.68 -25.92
180.17 223.78 -25.92
183.8 225.55 -25.92
187.52 227.11 -25.92
191.33 228.44 -25.92
195.23 229.48 -25.92
199.22 230.13 -25.92
203.25 230.26 -25.92
209.04 228.85 -34.56
212.52 227.81 -34.56
212.52 227.81 -34.56
215.93 226.55 -34.56
218.78 224.79 -34.56
221.4 222.27 -34.56
223.83 219.57 -34.56
226.36 216.96 -34.56
229.21 214.71 -34.56
232.27 212.76 -34.56
235.42 210.94 -34.56
238.54 209.08 -34.56
241.52 207.01 -34.56
244.2 204.55 -34.56
246.34 201.62 -34.56
248.16 198.48 -34.56
249.96 195.32 -34.56
251.76 192.17 -34.56
253.38 188.91 -34.56
254.69 185.52 -34.56
255.98 182.13 -34.56
257.19 178.7 -34.56
258.25 175.22 -34.56
259.06 171.68 -34.56
259.53 168.08 -34.56
259.53 164.45 -34.56
259.16 160.83 -34.56
258.53 157.26 -34.56
257.61 153.74 -34.56
256.02 150.52 -34.56
253.11 148.37 -34.56
249.83 146.83 -34.56
246.39 145.68 -34.56
242.84 144.9 -34.56
239.21 144.68 -34.56
235.63 145.26 -34.56
232.18 146.39 -34.56
228.8 147.74 -34.56
225.41 149.04 -34.56
221.92 150.06 -34.56
218.37 150.82 -34.56
214.8 151.49 -34.56
211.22 152.11 -34.56
207.64 152.71 -34.56
204.06 153.32 -34.56
200.48 153.98 -34.56
196.91 154.65 -34.56
193.33 155.27 -34.56
189.75 155.9 -34.56
186.19 156.62 -34.56
182.67 157.53 -34.56
179.25 158.75 -34.56
175.99 160.35 -34.56
172.93 162.3 -34.56
170.13 164.62 -34.56
167.8 167.4 -34.56
166.31 170.71 -34.56
165.14 174.15 -34.56
164.18 177.65 -34.56
163.42 181.2 -34.56
162.85 184.79 -34.56
162.52 188.41 -34.56
162.52 192.04 -34.56
163.1 195.62 -34.56
164.15 199.1 -34.56
165.52 202.47 -34.56
167.12 205.73 -34.56
168.91 208.89 -34.56
171.14 211.75 -34.56
173.74 214.29 -34.56
176.55 216.6 -34.56
179.49 218.73 -34.56
182.49 220.77 -34.56
185.48 222.84 -34.56
188.48 224.88 -34.56
191.58 226.78 -34.56
194.83 228.4 -34.56
198.27 229.56 -34.56
201.88 229.97 -34.56
205.49 229.62 -34.56
208.11 227.15 -43.2
211.11 226.7 -43.2
214.11 225.73 -43.2
216.97 224.41 -43.2
219.72 222.85 -43.2
222.37 221.15 -43.2
224.96 219.34 -43.2
227.45 217.41 -43.2
229.69 215.19 -43.2
231.75 212.8 -43.2
233.71 210.33 -43.2
235.64 207.84 -43.2
237.59 205.35 -43.2
239.45 202.8 -43.2
241.05 200.09 -43.2
242.46 197.26 -43.2
243.84 194.43 -43.2
245.14 191.55 -43.2
246.3 188.62 -43.2
247.27 185.62 -43.2
247.95 182.54 -43.2
248.24 179.4 -43.2
248.03 176.25 -43.2
247.43 173.15 -43.2
246.56 170.12 -43.2
245.39 167.19 -43.2
243.67 164.57 -43.2
241.23 162.57 -43.2
238.52 160.96 -43.2
235.68 159.6 -43.2
232.75 158.42 -43.2
229.77 157.39 -43.2
226.72 156.59 -43.2
223.6 156.11 -43.2
220.46 155.76 -43.2
217.32 155.55 -43.2
214.16 155.54 -43.2
211.01 155.6 -43.2
207.85 155.69 -43.2
204.7 155.83 -43.2
201.55 156 -43.2
198.4 156.19 -43.2
195.26 156.42 -43.2
192.13 156.8 -43.2
189.02 157.34 -43.2
185.94 158.02 -43.2
182.9 158.86 -43.2
179.93 159.94 -43.2
177.18 161.47 -43.2
174.67 163.38 -43.2
172.4 165.57 -43.2
170.42 168.02 -43.2
168.85 170.76 -43.2
167.64 173.67 -43.2
166.59 176.64 -43.2
165.71 179.68 -43.2
165.03 182.75 -43.2
164.58 185.88 -43.2
164.45 189.03 -43.2
164.66 192.18 -43.2
165.16 195.29 -43.2
165.86 198.37 -43.2
166.71 201.4 -43.2
167.69 204.4 -43.2
168.92 207.31 -43.2
170.51 210.03 -43.2
172.37 212.58 -43.2
174.42 214.97 -43.2
176.65 217.21 -43.2
178.99 219.32 -43.2
181.38 221.38 -43.2
183.87 223.32 -43.2
186.51 225.05 -43.2
189.33 226.45 -43.2
192.36 227.33 -43.2
195.5 227.49 -43.2
198.66 227.45 -43.2
201.81 227.38 -43.2
204.96 227.28 -43.2
208.11 227.15 -43.2
207.67 222.9 -51.84
210.65 222.64 -51.84
213.61 222.18 -51.84
216.51 221.41 -51.84
219.32 220.39 -51.84
222.04 219.12 -51.84
224.57 217.53 -51.84
226.78 215.51 -51.84
228.7 213.22 -51.84
230.44 210.78 -51.84
231.61 208.35 -51.84
233.93 206.46 -51.84
235.18 206.42 -51.84
236.09 203.8 -51.84
237.38 202.09 -51.84
238.37 199.82 -51.84
239.74 198.2 -51.84
239.74 198.2 -51.84
240.69 196.13 -51.84
242.22 193.88 -51.84
242.8 191.65 -51.84
244.61 189.26 -51.84
246.24 186.74 -51.84
247.4 183.98 -51.84
248.12 181.07 -51.84
248.64 178.12 -51.84
248.7 175.12 -51.84
247.8 172.27 -51.84
246.06 169.82 -51.84
243.85 167.8 -51.84
241.31 166.22 -51.84
238.57 164.98 -51.84
235.73 164.04 -51.84
232.79 163.46 -51.84
229.8 163.25 -51.84
226.8 163.23 -51.84
223.8 163.23 -51.84
220.81 163.23 -51.84
217.81 163.23 -51.84
214.81 163.25 -51.84
211.82 163.33 -51.84
208.82 163.46 -51.84
205.83 163.61 -51.84
202.84 163.77 -51.84
199.84 163.9 -51.84
196.84 163.97 -51.84
193.87 163.62 -51.84
191.05 162.63 -51.84
188.09 162.17 -51.84
185.13 162.59 -51.84
182.27 163.47 -51.84
179.54 164.71 -51.84
177.04 166.36 -51.84
175.12 168.65 -51.84
173.8 171.33 -51.84
172.75 174.14 -51.84
171.81 176.98 -51.84
170.91 179.84 -51.84
170.08 182.72 -51.84
169.37 185.63 -51.84
168.85 188.58 -51.84
168.59 191.57 -51.84
168.68 194.56 -51.84
169.14 197.52 -51.84
169.89 200.42 -51.84
170.86 203.26 -51.84
172.01 206.02 -51.84
173.47 208.64 -51.84
175.32 210.99 -51.84
177.46 213.08 -51.84
179.8 214.96 -51.84
182.27 216.66 -51.84
184.8 218.27 -51.84
187.37 219.8 -51.84
190.03 221.19 -51.84
192.8 222.32 -51.84
195.7 223.06 -51.84
198.68 223.26 -51.84
201.68 223.21 -51.84
204.67 223.08 -51.84
206.91 215.72 -60.48
209.29 215.62 -60.48
211.65 215.37 -60.48
213.96 214.8 -60.48
216.14 213.87 -60.48
218.18 212.65 -60.48
220.09 211.23 -60.48
221.83 209.61 -60.48
223.28 207.72 -60.48
224.66 205.78 -60.48
226.35 204.12 -60.48
228.13 202.54 -60.48
229.99 201.07 -60.48
231.68 199.88 -60.48
233.38 198.25 -60.48
235.47 197.54 -60.48
237.49 196.68 -60.48
238.96 195.77 -60.48
238.96 195.77 -60.48
239.97 194.14 -60.48
240.88 192.67 -60.48
241.34 190.6 -60.48
241.34 188.22 -60.48
241.34 185.84 -60.48
241.34 183.46 -60.48
241.31 181.09 -60.48
240.69 178.79 -60.48
239.91 176.56 -60.48
238.65 174.62 -60.48
236.56 173.49 -60.48
234.35 172.6 -60.48
232.16 171.7 -60.48
230.11 170.51 -60.48
227.98 169.45 -60.48
225.74 168.67 -60.48
223.43 168.18 -60.48
221.06 168.31 -60.48
218.71 168.63 -60.48
216.34 168.8 -60.48
214 169.1 -60.48
211.73 169.81 -60.48
209.43 170.41 -60.48
207.09 170.84 -60.48
204.77 171.34 -60.48
202.6 172.26 -60.48
200.42 172.73 -60.48
198.1 172.22 -60.48
195.82 171.56 -60.48
193.52 170.94 -60.48
191.18 170.54 -60.48
188.81 170.49 -60.48
186.46 170.82 -60.48
184.18 171.46 -60.48
182 172.4 -60.48
180.09 173.78 -60.48
178.71 175.68 -60.48
177.9 177.9 -60.48
177.43 180.23 -60.48
177.12 182.59 -60.48
176.91 184.95 -60.48
176.77 187.33 -60.48
176.73 189.71 -60.48
176.84 192.08 -60.48
177.13 194.44 -60.48
177.6 196.77 -60.48
178.22 199.06 -60.48
179.02 201.3 -60.48
180.06 203.43 -60.48
181.41 205.39 -60.48
183.02 207.13 -60.48
184.82 208.68 -60.48
186.75 210.07 -60.48
188.77 211.33 -60.48
190.85 212.47 -60.48
192.99 213.52 -60.48
195.19 214.42 -60.48
197.45 215.14 -60.48
199.79 215.59 -60.48
202.15 215.78 -60.48
204.53 215.79 -60.48
206.66 207.59 -69.12
207.67 207.21 -69.12
208.78 206.5 -69.12
209.99 205.97 -69.12
211.1 205.24 -69.12
212.15 204.43 -69.12
213.18 203.62 -69.12
213.69 202.4 -69.12
214.24 201.18 -69.12
214.72 199.95 -69.12
215.16 198.7 -69.12
215.49 197.41 -69.12
216.17 196.28 -69.12
216.85 195.14 -69.12
217.68 194.1 -69.12
218.17 192.89 -69.12
218.65 191.65 -69.12
219.07 190.4 -69.12
219.59 189.18 -69.12
220.22 188.01 -69.12
220.52 186.75 -69.12
220.33 185.46 -69.12
219.87 184.21 -69.12
219.32 183.01 -69.12
218.68 181.85 -69.12
217.93 180.76 -69.12
217.04 179.77 -69.12
216.03 178.92 -69.12
214.89 178.25 -69.12
213.64 177.84 -69.12
212.32 177.67 -69.12
211 177.63 -69.12
209.67 177.64 -69.12
208.34 177.67 -69.12
207.02 177.78 -69.12
205.71 177.98 -69.12
204.4 178.22 -69.12
203.09 178.42 -69.12
201.77 178.53 -69.12
200.44 178.57 -69.12
199.12 178.62 -69.12
197.8 178.75 -69.12
196.5 179.01 -69.12
195.23 179.39 -69.12
194 179.88 -69.12
192.81 180.48 -69.12
191.67 181.16 -69.12
190.62 181.96 -69.12
189.68 182.9 -69.12
188.91 183.97 -69.12
188.33 185.16 -69.12
187.91 186.42 -69.12
187.51 187.68 -69.12
187.1 188.94 -69.12
186.72 190.21 -69.12
186.31 191.47 -69.12
185.99 192.71 -69.12
186.39 193.97 -69.12
187.03 195.12 -69.12
187.7 196.27 -69.12
188.3 197.45 -69.12
188.76 198.7 -69.12
189.04 200 -69.12
189.4 201.27 -69.12
190.06 202.42 -69.12
190.93 203.43 -69.12
191.86 204.37 -69.12
192.82 205.29 -69.12
193.77 206.22 -69.12
194.74 207.12 -69.12
195.8 207.91 -69.12
196.95 208.57 -69.12
198.13 209.17 -69.12
199.22 209.82 -69.12
200.53 209.65 -69.12
201.84 209.51 -69.12
203.11 209.15 -69.12
204.41 208.89 -69.12
204.41 208.89 -69.12
205.65 208.43 -69.12
202.44 200.09 -77.76
202.78 199.85 -77.76
203.26 199.65 -77.76
203.64 199.46 -77.76
204.18 199.43 -77.76
204.68 199.27 -77.76
205.22 199.21 -77.76
205.79 199.21 -77.76
206.12 198.93 -77.76
206.5 198.53 -77.76
206.72 198.18 -77.76
207.08 197.76 -77.76
207.54 197.51 -77.76
207.82 197.19 -77.76
207.82 196.62 -77.76
207.82 196.05 -77.76
207.82 195.48 -77.76
207.82 194.92 -77.76
207.82 194.35 -77.76
207.72 193.82 -77.76
207.6 193.3 -77.76
207.51 192.82 -77.76
207.17 192.6 -77.76
207.04 192.16 -77.76
206.77 191.77 -77.76
206.52 191.3 -77.76
206.06 191.05 -77.76
205.78 190.72 -77.76
205.47 190.25 -77.76
205.3 190.08 -77.76
205.7 190.48 -77.76
206.1 190.88 -77.76
206.5 191.28 -77.76
206.16 191.06 -77.76
205.88 190.66 -77.76
205.39 190.39 -77.76
205.09 189.96 -77.76
204.74 189.74 -77.76
204.39 189.52 -77.76
203.82 189.52 -77.76
203.26 189.52 -77.76
202.69 189.52 -77.76
202.12 189.52 -77.76
201.55 189.52 -77.76
200.98 189.52 -77.76
200.42 189.52 -77.76
199.94 189.74 -77.76
199.37 189.74 -77.76
198.93 190.05 -77.76
198.58 190.35 -77.76
198.29 190.62 -77.76
197.84 190.92 -77.76
197.48 191.34 -77.76
197.3 191.72 -77.76
197.2 192.23 -77.76
196.95 192.69 -77.76
196.55 193.09 -77.76
196.33 193.58 -77.76
196.16 194.11 -77.76
196.1 194.65 -77.76
195.94 195.15 -77.76
195.94 195.72 -77.76
195.94 196.29 -77.76
195.94 196.86 -77.76
196.14 197.23 -77.76
196.16 197.77 -77.76
196.17 198.33 -77.76
196.48 198.65 -77.76
196.88 199.05 -77.76
197.26 199.33 -77.76
197.66 199.6 -77.76
198.12 199.87 -77.76
198.46 200.09 -77.76
199.03 200.09 -77.76
199.6 200.09 -77.76
200.17 200.09 -77.76
200.74 200.09 -77.76
201.3 200.09 -77.76
201.87 200.09 -77.76
202.44 200.09 -77.76
