227.69 162.94 0
228.36 159.44 0
228.8 155.92 0
228.87 152.39 0
228.75 148.83 0
228.55 145.29 0
228.27 141.76 0
227.73 138.17 0
226.91 134.6 0
225.87 131.21 0
224.63 128.13 0
222.69 125.14 0
220.13 122.37 0
217.31 120.09 0
214.42 118.44 0
211.19 117.03 0
207.72 115.84 0
204.19 114.9 0
200.73 114.23 0
197.23 113.76 0
193.69 113.38 0
190.15 113 0
186.62 112.52 0
183.11 111.84 0
179.61 111.32 0
176.1 111.38 0
172.57 111.99 0
169.11 112.89 0
165.8 114.02 0
162.62 115.68 0
159.59 117.52 0
156.67 119.54 0
153.88 121.78 0
151.24 124.13 0
148.64 126.63 0
146.28 129.32 0
144.39 132.21 0
142.55 135.36 0
140.97 138.69 0
140.03 142.11 0
139.95 145.56 0
140.13 149.11 0
140.39 152.68 0
140.75 156.21 0
141.23 159.73 0
141.78 163.69 0
142.42 168.24 0
143.24 171.88 0
144.33 173.12 0
146.35 172.09 0
149.33 169.94 0
152.82 167.38 0
156.36 165.13 0
159.65 163.75 0
163.11 162.8 0
166.57 161.87 0
169.81 160.58 0
172.73 158.29 0
175.65 156.22 0
178.91 155.59 0
182.45 155.29 0
186.08 155.1 0
189.64 154.92 0
189.64 154.92 0
193.18 154.78 0
196.73 154.68 0
196.73 154.68 0
200.34 155.22 0
203.75 156.14 0
206.9 157.37 0
209.9 159.24 0
212.73 161.57 0
215.38 164.07 0
217.88 166.82 0
220.38 170.46 0
222.65 173.87 0
224.39 175.8 0
225.49 174.67 0
226.31 170.63 0
226.99 166.43 0
228.81 164.29 -8.64
228.59 160.96 -8.64
228.19 157.7 -8.64
227.55 154.44 -8.64
226.99 151.19 -8.64
226.81 147.92 -8.64
226.91 144.63 -8.64
227.06 141.33 -8.64
227.12 138.04 -8.64
226.86 134.73 -8.64
226.25 131.45 -8.64
225.41 128.32 -8.64
223.75 125.34 -8.64
221.43 123.34 -8.64
218.37 121.64 -8.64
215.06 120.69 -8.64
211.84 120.72 -8.64
208.52 121.02 -8.64
205.21 121.27 -8.64
201.89 121.55 -8.64
198.58 121.79 -8.64
195.34 121.91 -8.64
192.24 121.42 -8.64
189.23 119.93 -8.64
186.23 118.25 -8.64
183.13 117.17 -8.64
179.85 116.54 -8.64
176.56 116.15 -8.64
173.43 116.46 -8.64
170.37 117.93 -8.64
167.54 119.84 -8.64
165.1 121.95 -8.64
162.84 124.43 -8.64
160.4 126.67 -8.64
157.83 128.78 -8.64
154.89 130.32 -8.64
151.34 131.39 -8.64
148.88 132.74 -8.64
147.64 135.19 -8.64
146.64 138.57 -8.64
146.01 142.22 -8.64
145.92 145.55 -8.64
147.12 148.78 -8.64
149.04 151.26 -8.64
152.32 152.9 -8.64
154.4 154.91 -8.64
154.96 158.86 -8.64
155.45 162.44 -8.64
157.2 162.72 -8.64
160.94 161.44 -8.64
162.19 159.06 -8.64
162.77 155.23 -8.64
163.91 152.75 -8.64
166.77 151.18 -8.64
170.38 150.2 -8.64
173.64 149.94 -8.64
176.95 149.81 -8.64
180.27 149.76 -8.64
183.55 149.95 -8.64
186.82 150.46 -8.64
190.06 151.06 -8.64
193.27 151.75 -8.64
196.45 152.62 -8.64
196.45 152.62 -8.64
199.61 153.62 -8.64
199.61 153.62 -8.64
203.05 154.42 -8.64
206.28 155.55 -8.64
209.29 156.94 -8.64
212.06 158.54 -8.64
214.59 160.27 -8.64
216.87 162.5 -8.64
218.95 165.15 -8.64
220.91 167.95 -8.64
222.82 170.89 -8.64
224.64 174.48 -8.64
226.31 176.5 -8.64
228.08 174.57 -8.64
229.06 170.84 -8.64
228.98 167.62 -8.64
227.07 163.58 -17.28
226.84 160.55 -17.28
226.68 157.51 -17.28
226.57 154.46 -17.28
226.5 151.4 -17.28
226.48 148.31 -17.28
226.47 145.05 -17.28
226.46 141.82 -17.28
226.45 138.86 -17.28
226.34 136.39 -17.28
224.86 134.19 -17.28
222.19 132.18 -17.28
219.04 130.44 -17.28
216.12 129 -17.28
213.4 127.84 -17.28
210.53 126.86 -17.28
207.58 125.99 -17.28
204.59 125.15 -17.28
201.63 124.27 -17.28
198.73 123.28 -17.28
195.86 122.23 -17.28
192.96 121.31 -17.28
190.01 120.59 -17.28
187.01 119.91 -17.28
183.99 119.42 -17.28
180.95 119.31 -17.28
177.78 119.53 -17.28
174.78 119.97 -17.28
172.28 120.94 -17.28
170.1 123.21 -17.28
168.06 125.8 -17.28
165.93 128.06 -17.28
163.61 130.33 -17.28
161.32 132.64 -17.28
159.26 135.03 -17.28
157.64 137.52 -17.28
156.67 140.13 -17.28
156.14 142.97 -17.28
155.71 146.03 -17.28
155.42 149.16 -17.28
155.34 152.25 -17.28
155.49 155.89 -17.28
155.84 159.87 -17.28
156.37 163.38 -17.28
157.07 165.61 -17.28
158.25 165.84 -17.28
161.59 164.45 -17.28
164.47 162.35 -17.28
164.29 159.92 -17.28
163.02 156.77 -17.28
163.1 153.98 -17.28
165.16 151.12 -17.28
167.92 149.32 -17.28
170.49 149.82 -17.28
173.34 151.54 -17.28
176.25 152.13 -17.28
179.21 151.35 -17.28
182.22 150.51 -17.28
185.21 150.43 -17.28
188.2 150.57 -17.28
191.19 150.88 -17.28
194.19 151.43 -17.28
197.2 152.26 -17.28
197.2 152.26 -17.28
200.21 153.43 -17.28
200.21 153.43 -17.28
203.18 154.33 -17.28
206.06 155.41 -17.28
208.85 156.63 -17.28
211.56 157.97 -17.28
214.2 159.43 -17.28
216.8 161.12 -17.28
219.21 163.01 -17.28
221.34 165.25 -17.28
223.33 168.37 -17.28
225.16 171.49 -17.28
226.78 173.56 -17.28
228.25 172.79 -17.28
228.45 169.6 -17.28
227.75 166.61 -17.28
226.31 164.58 -25.92
226.31 160.92 -25.92
226.31 157.45 -25.92
226.23 154.64 -25.92
225.85 151.84 -25.92
225.22 149.05 -25.92
224.42 146.3 -25.92
223.49 143.64 -25.92
222.52 141.12 -25.92
221.35 138.68 -25.92
219.8 136.28 -25.92
217.99 134.01 -25.92
216.03 131.96 -25.92
214.02 130.2 -25.92
211.75 128.66 -25.92
209.29 127.27 -25.92
206.74 125.96 -25.92
204.25 124.65 -25.92
201.79 123.09 -25.92
199.31 121.6 -25.92
196.74 120.83 -25.92
194.06 120.83 -25.92
191.28 120.88 -25.92
188.45 120.94 -25.92
185.61 120.97 -25.92
182.77 120.98 -25.92
179.86 120.98 -25.92
177.19 120.98 -25.92
174.87 121.52 -25.92
172.66 123.19 -25.92
170.63 125.55 -25.92
168.82 128.18 -25.92
167.32 130.62 -25.92
166.06 133.01 -25.92
164.96 135.59 -25.92
163.98 138.28 -25.92
163.1 140.97 -25.92
162.24 143.76 -25.92
161.35 146.99 -25.92
160.44 150.49 -25.92
159.56 154.09 -25.92
158.72 157.63 -25.92
157.96 160.94 -25.92
157.31 163.86 -25.92
156.8 166.2 -25.92
156.45 167.81 -25.92
156.3 168.51 -25.92
156.71 168.03 -25.92
158.14 166.34 -25.92
160.27 163.92 -25.92
162.78 161.24 -25.92
165.33 158.76 -25.92
167.63 156.93 -25.92
169.94 155.3 -25.92
172.4 153.81 -25.92
174.94 152.64 -25.92
177.55 151.94 -25.92
180.26 151.38 -25.92
183.05 150.93 -25.92
185.87 150.65 -25.92
188.66 150.59 -25.92
191.44 150.63 -25.92
194.23 150.78 -25.92
197.02 151.07 -25.92
197.02 151.07 -25.92
197.02 151.07 -25.92
199.93 151.46 -25.92
202.73 152.1 -25.92
205.4 152.94 -25.92
207.96 153.93 -25.92
210.38 155.01 -25.92
212.66 156.43 -25.92
214.81 158.24 -25.92
216.88 160.24 -25.92
218.93 162.21 -25.92
221.32 164.47 -25.92
223.91 167.01 -25.92
225.83 168.94 -25.92
226.31 169.31 -25.92
226.31 167.64 -25.92
227.14 162.78 -34.56
227.04 161.93 -34.56
226.76 159.75 -34.56
226.34 156.85 -34.56
225.83 153.85 -34.56
225.3 151.37 -34.56
224.61 149.17 -34.56
223.71 146.94 -34.56
222.64 144.72 -34.56
221.41 142.56 -34.56
220.07 140.53 -34.56
218.65 138.65 -34.56
217.18 137 -34.56
215.67 135.61 -34.56
213.99 134.35 -34.56
212.13 133.17 -34.56
210.11 132.08 -34.56
207.96 131.06 -34.56
205.73 130.1 -34.56
203.44 129.2 -34.56
201.13 128.34 -34.56
198.84 127.53 -34.56
196.59 126.75 -34.56
194.4 125.96 -34.56
192.19 125.11 -34.56
189.95 124.38 -34.56
187.69 124.01 -34.56
185.29 123.99 -34.56
182.75 123.99 -34.56
180.49 123.99 -34.56
178.8 124.24 -34.56
177.31 125.72 -34.56
176.01 128.06 -34.56
174.97 130.68 -34.56
174.27 133.03 -34.56
173.87 135.3 -34.56
173.59 137.7 -34.56
173.29 140.06 -34.56
172.85 142.25 -34.56
171.97 144.22 -34.56
170.52 146.08 -34.56
168.8 147.83 -34.56
167.1 149.48 -34.56
165.14 150.93 -34.56
163.4 152.42 -34.56
162.37 154.62 -34.56
161.5 157.55 -34.56
160.91 159.96 -34.56
160.87 160.63 -34.56
162.94 160.38 -34.56
165.91 159.93 -34.56
168.04 159.17 -34.56
169.9 157.72 -34.56
171.73 156.09 -34.56
173.67 154.82 -34.56
175.8 154.04 -34.56
178.06 153.35 -34.56
180.38 152.88 -34.56
182.67 152.74 -34.56
184.97 152.68 -34.56
187.27 152.63 -34.56
189.59 152.6 -34.56
191.92 152.57 -34.56
194.26 152.55 -34.56
196.62 152.55 -34.56
196.62 152.55 -34.56
196.62 152.55 -34.56
198.93 152.91 -34.56
201.22 153.36 -34.56
203.48 153.89 -34.56
205.72 154.47 -34.56
207.94 155.11 -34.56
210.14 155.87 -34.56
212.31 156.73 -34.56
214.44 157.65 -34.56
216.5 158.77 -34.56
218.49 160.18 -34.56
220.48 161.52 -34.56
222.54 162.43 -34.56
225.04 162.7 -34.56
228 178.52 -43.2
229.16 181.05 -43.2
230.06 183.05 -43.2
230.64 184.33 -43.2
230.87 184.7 -43.2
230.94 183.55 -43.2
230.94 183.55 -43.2
231 181 -43.2
231.05 177.69 -43.2
231.07 174.26 -43.2
231.08 171.34 -43.2
230.59 168.81 -43.2
229.66 166.31 -43.2
228.76 163.82 -43.2
228 161.3 -43.2
227.25 158.77 -43.2
226.46 156.25 -43.2
225.6 153.78 -43.2
224.63 151.4 -43.2
223.46 149.07 -43.2
222.05 146.78 -43.2
220.46 144.72 -43.2
218.65 143.01 -43.2
216.54 141.51 -43.2
214.26 140.14 -43.2
211.94 138.78 -43.2
209.72 137.33 -43.2
207.67 135.6 -43.2
205.63 133.86 -43.2
203.42 132.72 -43.2
200.91 131.97 -43.2
198.27 131.47 -43.2
195.74 131.47 -43.2
193.26 132.15 -43.2
190.81 133.28 -43.2
188.41 134.56 -43.2
186.07 135.74 -43.2
183.77 136.99 -43.2
181.53 138.37 -43.2
179.35 139.82 -43.2
177.21 141.32 -43.2
175.04 142.89 -43.2
172.92 144.53 -43.2
170.95 146.28 -43.2
169.22 148.15 -43.2
167.77 150.21 -43.2
166.49 152.5 -43.2
165.35 154.92 -43.2
164.31 157.35 -43.2
163.2 160.47 -43.2
162.46 162.75 -43.2
162.87 162.56 -43.2
164.56 161.51 -43.2
167.1 159.99 -43.2
170.08 158.3 -43.2
173.09 156.78 -43.2
175.73 155.71 -43.2
178.2 154.83 -43.2
180.74 154.01 -43.2
183.31 153.38 -43.2
185.88 153.12 -43.2
188.47 153.23 -43.2
191.09 153.53 -43.2
193.69 153.89 -43.2
196.27 154.27 -43.2
198.85 154.73 -43.2
201.41 155.26 -43.2
203.97 155.85 -43.2
203.97 155.85 -43.2
206.57 156.39 -43.2
209.08 157.14 -43.2
211.49 158.04 -43.2
213.91 159.2 -43.2
216.22 160.61 -43.2
218.18 162.19 -43.2
219.91 164.15 -43.2
221.67 166.66 -43.2
223.41 169.53 -43.2
225.08 172.58 -43.2
226.62 175.64 -43.2
229.09 179.45 -51.84
230.35 180.89 -51.84
231.52 180.86 -51.84
230.83 178.9 -51.84
230.35 176.93 -51.84
229.94 174.94 -51.84
229.56 172.93 -51.84
229.17 170.93 -51.84
228.74 168.94 -51.84
228.24 166.97 -51.84
227.68 165.02 -51.84
227.07 163.07 -51.84
226.44 161.14 -51.84
225.8 159.2 -51.84
225.18 157.22 -51.84
224.53 155.27 -51.84
223.77 153.4 -51.84
222.85 151.66 -51.84
221.68 149.94 -51.84
220.34 148.3 -51.84
218.87 146.83 -51.84
217.34 145.62 -51.84
215.7 144.52 -51.84
213.93 143.42 -51.84
212.05 142.4 -51.84
210.09 141.53 -51.84
208.11 140.89 -51.84
206.12 140.56 -51.84
204.16 140.53 -51.84
202.13 140.55 -51.84
200.07 140.59 -51.84
198 140.65 -51.84
195.94 140.72 -51.84
193.92 140.8 -51.84
191.94 140.93 -51.84
189.89 141.3 -51.84
187.81 141.94 -51.84
185.77 142.77 -51.84
183.85 143.74 -51.84
182.13 144.81 -51.84
180.68 145.91 -51.84
179.4 147.37 -51.84
178.1 149.5 -51.84
176.88 151.93 -51.84
175.82 154.32 -51.84
175.01 156.3 -51.84
174.54 157.53 -51.84
174.97 157.11 -51.84
176.73 156.4 -51.84
178.79 155.96 -51.84
180.91 155.71 -51.84
182.93 155.59 -51.84
184.97 155.5 -51.84
187 155.47 -51.84
189.04 155.49 -51.84
191.08 155.56 -51.84
193.13 155.67 -51.84
195.16 155.81 -51.84
197.18 155.98 -51.84
199.19 156.17 -51.84
201.17 156.51 -51.84
203.14 157.02 -51.84
205.1 157.63 -51.84
207.05 158.31 -51.84
207.05 158.31 -51.84
209.06 159.05 -51.84
209.06 159.05 -51.84
210.99 159.91 -51.84
212.84 160.86 -51.84
214.6 161.9 -51.84
216.26 163.02 -51.84
217.83 164.2 -51.84
219.29 165.46 -51.84
220.63 166.9 -51.84
221.87 168.51 -51.84
223.07 170.21 -51.84
224.24 171.94 -51.84
225.43 173.64 -51.84
226.66 175.34 -51.84
227.88 177.41 -51.84
229.31 180.49 -60.48
229.79 179.45 -60.48
230.09 176.97 -60.48
230.34 174.78 -60.48
230.62 172.79 -60.48
230.87 170.81 -60.48
231.07 168.82 -60.48
231.19 166.83 -60.48
231.19 164.84 -60.48
231.08 162.82 -60.48
230.89 160.79 -60.48
230.63 158.8 -60.48
230.33 156.87 -60.48
229.93 154.94 -60.48
229.31 152.82 -60.48
228.47 150.65 -60.48
227.45 148.59 -60.48
226.29 146.79 -60.48
225.01 145.38 -60.48
223.66 144.53 -60.48
221.91 144.2 -60.48
219.76 143.97 -60.48
217.94 143.47 -60.48
216.29 142.49 -60.48
214.72 141.17 -60.48
213.2 139.7 -60.48
211.7 138.26 -60.48
210.22 136.8 -60.48
208.83 135 -60.48
207.43 133.41 -60.48
205.9 132.58 -60.48
203.93 132.65 -60.48
201.39 132.96 -60.48
198.95 133.44 -60.48
197.28 134.06 -60.48
196.93 134.86 -60.48
196.93 136.7 -60.48
196.93 139.25 -60.48
196.93 141.79 -60.48
196.93 143.62 -60.48
196.63 144.32 -60.48
195.1 144.7 -60.48
192.73 144.96 -60.48
190.11 145.23 -60.48
187.77 145.61 -60.48
186.14 146.28 -60.48
184.59 147.65 -60.48
183.25 149.48 -60.48
182.5 151.43 -60.48
182.47 153.49 -60.48
182.58 155.85 -60.48
182.8 157.24 -60.48
184.5 157.75 -60.48
186.86 157.99 -60.48
188.85 158.06 -60.48
190.86 158.1 -60.48
192.87 158.13 -60.48
194.85 158.19 -60.48
196.8 158.34 -60.48
198.75 158.69 -60.48
200.7 159.21 -60.48
202.63 159.86 -60.48
204.54 160.62 -60.48
206.41 161.44 -60.48
208.23 162.3 -60.48
209.99 163.17 -60.48
211.69 164.11 -60.48
213.33 165.24 -60.48
213.33 165.24 -60.48
214.92 166.5 -60.48
216.47 167.83 -60.48
216.47 167.83 -60.48
218.08 169.04 -60.48
219.62 170.31 -60.48
221.12 171.64 -60.48
222.55 173.02 -60.48
223.94 174.43 -60.48
225.23 175.94 -60.48
226.48 177.51 -60.48
227.9 179.12 -60.48
224.18 202.96 -69.12
224.53 202.34 -69.12
224.98 200.99 -69.12
225.52 199.06 -69.12
226.14 196.68 -69.12
226.82 194.01 -69.12
227.54 191.21 -69.12
228.28 188.41 -69.12
229.04 185.78 -69.12
229.78 183.46 -69.12
230.71 181.4 -69.12
231.83 179.37 -69.12
232.63 177.34 -69.12
232.69 175.31 -69.12
232.17 173.22 -69.12
231.28 171.12 -69.12
230.16 169.07 -69.12
228.96 167.12 -69.12
227.81 165.31 -69.12
226.47 163.63 -69.12
224.95 162.04 -69.12
223.32 160.5 -69.12
221.66 158.97 -69.12
220.05 157.41 -69.12
218.55 155.78 -69.12
217.13 154.09 -69.12
215.7 152.41 -69.12
214.22 150.7 -69.12
212.75 148.72 -69.12
211.26 146.69 -69.12
209.71 144.89 -69.12
208.06 143.59 -69.12
206.28 143.07 -69.12
204.14 143.12 -69.12
201.76 143.29 -69.12
199.73 143.52 -69.12
198.16 144.37 -69.12
196.81 146.01 -69.12
195.56 148.11 -69.12
194.31 150.32 -69.12
192.95 152.31 -69.12
191.33 153.85 -69.12
189.16 155.29 -69.12
186.75 156.67 -69.12
184.46 157.96 -69.12
182.67 159.12 -69.12
181.76 160.1 -69.12
181.91 160.91 -69.12
182.78 161.62 -69.12
184.24 162.25 -69.12
186.19 162.82 -69.12
188.53 163.35 -69.12
191.14 163.86 -69.12
193.91 164.35 -69.12
196.74 164.84 -69.12
199.53 165.36 -69.12
202.16 165.91 -69.12
204.53 166.51 -69.12
206.68 167.15 -69.12
208.85 167.78 -69.12
210.95 168.5 -69.12
212.88 169.37 -69.12
214.65 170.51 -69.12
216.33 171.93 -69.12
217.89 173.58 -69.12
219.32 175.43 -69.12
219.32 175.43 -69.12
220.26 177.47 -69.12
221.16 179.53 -69.12
221.94 181.61 -69.12
222.53 183.71 -69.12
222.89 185.85 -69.12
223.11 188.36 -69.12
223.28 191.18 -69.12
223.41 194.1 -69.12
223.53 196.92 -69.12
223.64 199.43 -69.12
223.77 201.41 -69.12
223.95 202.65 -69.12
224.18 202.96 -69.12
