204.66 219.07 0
206.2 217.17 0
207.59 215.03 0
208.88 212.77 0
210.16 210.47 0
211.5 208.25 0
213.03 206.16 0
214.68 204.1 0
216.15 201.99 0
217.15 199.77 0
217.85 197.38 0
218.49 194.86 0
219 192.28 0
219.34 189.71 0
219.45 187.21 0
219.01 184.73 0
218.06 182.28 0
216.91 179.94 0
215.74 177.72 0
214.33 175.54 0
212.73 173.47 0
211.01 171.56 0
209.2 169.86 0
207.18 168.35 0
205 166.96 0
202.76 165.63 0
200.57 164.29 0
198.39 162.82 0
196.18 161.47 0
193.88 160.55 0
191.41 160 0
188.81 159.53 0
186.22 159.21 0
183.77 159.09 0
181.49 159.6 0
179.28 160.9 0
177.15 162.66 0
175.13 164.53 0
173.21 166.22 0
171.4 167.99 0
169.69 169.91 0
168.07 171.94 0
168.07 171.94 0
165.98 173.6 0
164.14 175.43 0
162.65 177.41 0
161.46 179.58 0
160.43 181.98 0
159.68 184.46 0
159.21 186.93 0
158.84 189.46 0
158.55 192.02 0
158.36 194.58 0
158.26 197.14 0
158.18 199.75 0
158.12 202.35 0
158.09 204.88 0
158.15 207.28 0
159.02 209.6 0
160.52 211.84 0
162.23 213.95 0
163.83 215.93 0
165.55 217.89 0
167.44 219.72 0
169.46 221.28 0
171.58 222.49 0
173.91 223.53 0
176.36 224.42 0
178.86 225.14 0
181.34 225.7 0
183.87 226.22 0
186.42 226.64 0
188.95 226.87 0
191.45 226.68 0
191.45 226.68 0
193.94 225.9 0
196.3 224.92 0
198.58 223.78 0
200.8 222.37 0
202.86 220.77 0
205.78 219.82 -8.64
208.22 218.47 -8.64
210.56 217.07 -8.64
212.49 215.43 -8.64
214.03 213.39 -8.64
215.39 211.03 -8.64
216.58 208.52 -8.64
217.64 206.03 -8.64
218.73 203.55 -8.64
219.78 201.01 -8.64
220.62 198.43 -8.64
221.04 195.82 -8.64
221.06 193.17 -8.64
221.06 190.47 -8.64
221.05 187.79 -8.64
220.77 185.1 -8.64
220.19 182.42 -8.64
219.43 179.86 -8.64
218.49 177.46 -8.64
217.06 175.14 -8.64
215.34 172.98 -8.64
213.55 171.02 -8.64
211.53 169.29 -8.64
209.36 167.67 -8.64
207.24 165.99 -8.64
205.23 164.06 -8.64
203.13 162.44 -8.64
200.77 161.54 -8.64
198.16 160.89 -8.64
195.46 160.38 -8.64
192.78 159.92 -8.64
190.11 159.42 -8.64
187.43 159 -8.64
184.81 158.81 -8.64
182.25 159.3 -8.64
179.74 160.52 -8.64
177.41 161.87 -8.64
175.2 163.25 -8.64
173.07 164.84 -8.64
171.04 166.61 -8.64
169.11 168.57 -8.64
167.3 170.7 -8.64
167.3 170.7 -8.64
165.28 172.54 -8.64
163.51 174.54 -8.64
162.04 176.72 -8.64
160.62 179.07 -8.64
159.39 181.55 -8.64
158.52 184.1 -8.64
158.11 186.65 -8.64
157.83 189.29 -8.64
157.59 192 -8.64
157.42 194.72 -8.64
157.33 197.41 -8.64
157.35 200.06 -8.64
157.73 202.71 -8.64
158.43 205.36 -8.64
159.36 207.96 -8.64
160.4 210.46 -8.64
161.46 212.82 -8.64
162.81 215.13 -8.64
164.44 217.36 -8.64
166.25 219.44 -8.64
168.15 221.28 -8.64
170.18 222.96 -8.64
172.41 224.57 -8.64
174.79 225.98 -8.64
177.24 227.06 -8.64
179.74 227.82 -8.64
182.37 228.48 -8.64
185.05 228.91 -8.64
187.74 228.97 -8.64
190.55 228.83 -8.64
193.37 228.55 -8.64
193.37 228.55 -8.64
196 228.16 -8.64
198.24 227.61 -8.64
200.04 225.88 -8.64
201.7 223.42 -8.64
203.54 221.34 -8.64
207.67 220.98 -17.28
209.93 219.66 -17.28
212.05 218.22 -17.28
214 216.59 -17.28
215.85 214.71 -17.28
217.41 212.66 -17.28
218.72 210.42 -17.28
219.74 208 -17.28
220.13 205.52 -17.28
220.38 202.96 -17.28
220.55 200.35 -17.28
220.66 197.74 -17.28
220.68 195.17 -17.28
220.45 192.6 -17.28
219.98 190.04 -17.28
219.32 187.49 -17.28
218.55 184.99 -17.28
217.73 182.56 -17.28
216.81 180.19 -17.28
215.61 177.86 -17.28
214.22 175.63 -17.28
212.72 173.57 -17.28
211.03 171.57 -17.28
209.13 169.7 -17.28
207.09 168.15 -17.28
204.94 166.91 -17.28
202.63 165.7 -17.28
200.18 164.59 -17.28
197.66 163.68 -17.28
195.12 163.08 -17.28
192.59 162.89 -17.28
190.07 162.9 -17.28
187.51 162.92 -17.28
184.93 162.98 -17.28
182.32 163.1 -17.28
179.68 163.29 -17.28
179.68 163.29 -17.28
177.25 164.48 -17.28
174.98 165.85 -17.28
172.89 167.37 -17.28
171.02 169.02 -17.28
169.36 170.84 -17.28
167.83 172.92 -17.28
166.44 175.18 -17.28
165.2 177.51 -17.28
164.09 179.82 -17.28
163.12 182.19 -17.28
162.24 184.63 -17.28
161.41 187.09 -17.28
160.58 189.55 -17.28
159.64 191.99 -17.28
158.53 194.43 -17.28
157.63 196.88 -17.28
157.35 199.31 -17.28
157.75 201.76 -17.28
158.62 204.22 -17.28
159.75 206.65 -17.28
160.98 209.03 -17.28
162.12 211.35 -17.28
163.35 213.66 -17.28
164.71 215.92 -17.28
166.19 218.04 -17.28
167.81 219.96 -17.28
169.61 221.99 -17.28
171.59 224.05 -17.28
173.72 225.86 -17.28
175.94 227.14 -17.28
178.21 227.59 -17.28
180.61 227.59 -17.28
183.16 227.57 -17.28
185.82 227.55 -17.28
188.52 227.51 -17.28
191.2 227.46 -17.28
193.79 227.4 -17.28
193.79 227.4 -17.28
196.24 227.28 -17.28
198.6 226.48 -17.28
200.89 225.13 -17.28
203.14 223.6 -17.28
205.39 222.24 -17.28
209.05 221.06 -25.92
211.43 219.87 -25.92
213.15 218.32 -25.92
214.66 216.39 -25.92
216.09 214.18 -25.92
217.38 211.75 -25.92
218.51 209.18 -25.92
219.42 206.55 -25.92
220.07 203.93 -25.92
220.42 201.4 -25.92
220.66 198.82 -25.92
220.85 196.19 -25.92
220.96 193.55 -25.92
220.97 190.96 -25.92
220.68 188.35 -25.92
220.11 185.75 -25.92
219.34 183.18 -25.92
218.45 180.7 -25.92
217.51 178.35 -25.92
216.27 176.1 -25.92
214.69 173.95 -25.92
212.95 171.93 -25.92
211.2 169.98 -25.92
209.34 167.9 -25.92
207.37 165.92 -25.92
205.27 164.34 -25.92
203.07 163.45 -25.92
200.69 163 -25.92
198.12 162.61 -25.92
195.44 162.31 -25.92
192.73 162.12 -25.92
190.07 162.04 -25.92
187.45 162.1 -25.92
184.79 162.3 -25.92
182.15 162.61 -25.92
179.57 163.02 -25.92
177.1 163.49 -25.92
174.67 164.35 -25.92
172.3 165.7 -25.92
170.16 167.3 -25.92
168.33 169 -25.92
166.63 171.03 -25.92
165.13 173.29 -25.92
163.93 175.64 -25.92
163.03 178.01 -25.92
162.2 180.5 -25.92
161.5 183.08 -25.92
161.01 185.69 -25.92
160.79 188.28 -25.92
160.71 190.88 -25.92
160.65 193.51 -25.92
160.6 196.14 -25.92
160.57 198.76 -25.92
160.57 201.33 -25.92
160.87 203.92 -25.92
161.51 206.54 -25.92
162.41 209.11 -25.92
163.46 211.56 -25.92
164.58 213.85 -25.92
165.81 215.98 -25.92
167.42 218.09 -25.92
169.32 220.09 -25.92
171.39 221.89 -25.92
173.52 223.39 -25.92
175.68 224.61 -25.92
178.01 225.79 -25.92
180.48 226.89 -25.92
183.04 227.8 -25.92
185.63 228.42 -25.92
188.2 228.65 -25.92
190.75 228.64 -25.92
193.34 228.6 -25.92
193.34 228.6 -25.92
195.95 228.49 -25.92
198.58 228.28 -25.92
201.24 227.93 -25.92
201.24 227.93 -25.92
202.79 225.74 -25.92
204.55 223.81 -25.92
206.56 222.26 -25.92
208.69 221.17 -34.56
210.33 219.13 -34.56
211.83 216.86 -34.56
213.19 214.49 -34.56
214.39 212.16 -34.56
215.46 209.95 -34.56
216.54 207.69 -34.56
217.57 205.35 -34.56
218.47 202.95 -34.56
219.12 200.51 -34.56
219.42 198.07 -34.56
219.43 195.62 -34.56
219.43 193.12 -34.56
219.43 190.6 -34.56
219.43 188.1 -34.56
219.38 185.65 -34.56
219 183.13 -34.56
218.32 180.62 -34.56
217.42 178.18 -34.56
216.38 175.9 -34.56
215.28 173.85 -34.56
213.8 171.97 -34.56
211.87 170.23 -34.56
209.76 168.72 -34.56
207.66 167.48 -34.56
205.44 166.35 -34.56
203.1 165.35 -34.56
200.7 164.53 -34.56
198.31 163.95 -34.56
195.88 163.48 -34.56
193.41 163.06 -34.56
190.91 162.76 -34.56
188.42 162.62 -34.56
185.9 162.64 -34.56
183.33 162.72 -34.56
180.79 162.85 -34.56
178.41 163.03 -34.56
176.19 163.5 -34.56
174.04 164.75 -34.56
172 166.5 -34.56
170.15 168.44 -34.56
168.55 170.3 -34.56
167.19 172.34 -34.56
165.97 174.57 -34.56
164.77 176.8 -34.56
163.35 178.95 -34.56
161.8 181.1 -34.56
160.53 183.28 -34.56
159.96 185.55 -34.56
160.08 187.94 -34.56
160.39 190.43 -34.56
160.81 192.94 -34.56
161.23 195.42 -34.56
161.66 197.92 -34.56
162.18 200.42 -34.56
162.81 202.82 -34.56
163.62 205.01 -34.56
164.87 207.06 -34.56
166.49 209 -34.56
168.29 210.87 -34.56
170.11 212.7 -34.56
171.82 214.53 -34.56
173.53 216.52 -34.56
175.28 218.55 -34.56
177.08 220.47 -34.56
178.95 222.14 -34.56
180.92 223.42 -34.56
183.01 224.19 -34.56
185.24 224.8 -34.56
187.61 225.33 -34.56
190.1 225.75 -34.56
192.71 226.03 -34.56
195.41 226.13 -34.56
195.41 226.13 -34.56
195.41 226.13 -34.56
198.13 225.94 -34.56
200.7 225.45 -34.56
203.04 224.77 -34.56
205.09 223.98 -34.56
206.94 222.83 -34.56
207.32 218.62 -43.2
209.19 217.05 -43.2
211 215.35 -43.2
211 215.35 -43.2
213.04 213.83 -43.2
214.91 212.2 -43.2
216.51 210.45 -43.2
217.76 208.6 -43.2
218.59 206.65 -43.2
219.27 204.51 -43.2
219.87 202.21 -43.2
220.35 199.83 -43.2
220.66 197.44 -43.2
220.75 195.12 -43.2
220.62 192.79 -43.2
220.3 190.41 -43.2
219.81 188.03 -43.2
219.2 185.69 -43.2
218.5 183.43 -43.2
217.73 181.29 -43.2
216.92 179.31 -43.2
215.78 177.39 -43.2
214.31 175.51 -43.2
212.6 173.73 -43.2
210.75 172.09 -43.2
208.84 170.63 -43.2
206.96 169.38 -43.2
204.99 168.18 -43.2
202.89 167 -43.2
200.69 165.94 -43.2
198.44 165.1 -43.2
196.17 164.57 -43.2
193.92 164.42 -43.2
191.6 164.35 -43.2
189.22 164.3 -43.2
186.83 164.26 -43.2
184.46 164.23 -43.2
182.15 164.21 -43.2
179.93 164.25 -43.2
177.69 164.89 -43.2
175.51 166.1 -43.2
173.54 167.56 -43.2
171.9 169.02 -43.2
170.33 170.73 -43.2
168.84 172.72 -43.2
167.6 174.88 -43.2
166.76 177.08 -43.2
166.39 179.25 -43.2
166.18 181.49 -43.2
166.02 183.82 -43.2
165.9 186.19 -43.2
165.78 188.58 -43.2
165.65 190.95 -43.2
165.48 193.3 -43.2
165.26 195.69 -43.2
165.03 198.07 -43.2
164.88 200.36 -43.2
164.95 202.49 -43.2
165.76 204.52 -43.2
167.17 206.47 -43.2
168.9 208.34 -43.2
170.66 210.14 -43.2
172.24 211.87 -43.2
173.88 213.54 -43.2
175.62 215.13 -43.2
177.44 216.59 -43.2
179.31 218.04 -43.2
181.24 219.62 -43.2
183.24 221.12 -43.2
185.3 222.34 -43.2
187.4 223.07 -43.2
189.56 223.19 -43.2
191.85 223.06 -43.2
194.22 222.81 -43.2
196.63 222.46 -43.2
196.63 222.46 -43.2
198.99 222.03 -43.2
201.24 221.53 -43.2
203.35 220.93 -43.2
205.37 219.94 -43.2
205.81 217.76 -51.84
207.47 216.31 -51.84
209.02 214.66 -51.84
210.42 213.08 -51.84
211.76 211.59 -51.84
213.17 209.97 -51.84
214.53 208.25 -51.84
215.73 206.45 -51.84
216.64 204.6 -51.84
217.15 202.73 -51.84
217.26 200.84 -51.84
217.32 198.86 -51.84
217.36 196.82 -51.84
217.4 194.74 -51.84
217.43 192.64 -51.84
217.45 190.56 -51.84
217.46 188.51 -51.84
217.45 186.52 -51.84
217.11 184.53 -51.84
216.41 182.54 -51.84
215.5 180.62 -51.84
214.51 178.83 -51.84
213.47 177.19 -51.84
212.18 175.6 -51.84
210.67 174.1 -51.84
209.05 172.75 -51.84
207.39 171.62 -51.84
205.69 170.67 -51.84
203.88 169.77 -51.84
201.98 168.94 -51.84
200.02 168.19 -51.84
198.03 167.56 -51.84
196.03 167.05 -51.84
194.06 166.68 -51.84
192.07 166.35 -51.84
190.07 166.05 -51.84
188.04 165.81 -51.84
185.99 165.65 -51.84
183.92 165.58 -51.84
183.92 165.58 -51.84
181.61 165.84 -51.84
179.52 166.41 -51.84
177.81 167.16 -51.84
176.51 168.1 -51.84
175.28 169.59 -51.84
174.16 171.49 -51.84
173.25 173.61 -51.84
172.67 175.78 -51.84
172.51 177.79 -51.84
172.59 179.77 -51.84
172.77 181.79 -51.84
173 183.84 -51.84
173.23 185.9 -51.84
173.41 187.95 -51.84
173.51 189.99 -51.84
173.58 192.03 -51.84
173.66 194.06 -51.84
173.83 196.09 -51.84
174.15 198.15 -51.84
174.59 200.21 -51.84
175.14 202.22 -51.84
175.77 204.13 -51.84
176.46 205.9 -51.84
177.4 207.6 -51.84
178.62 209.26 -51.84
180.05 210.84 -51.84
181.6 212.32 -51.84
183.2 213.67 -51.84
184.79 214.88 -51.84
186.47 216.09 -51.84
188.28 217.22 -51.84
190.16 218.07 -51.84
192.06 218.46 -51.84
194.08 218.67 -51.84
196.19 218.85 -51.84
198.31 218.98 -51.84
198.31 218.98 -51.84
200.36 219.07 -51.84
202.28 219.11 -51.84
204.07 218.77 -51.84
205.79 216.11 -60.48
207.65 215.35 -60.48
209.32 214.5 -60.48
210.69 213.63 -60.48
211.86 212.53 -60.48
212.96 211.07 -60.48
213.96 209.37 -60.48
214.86 207.5 -60.48
215.65 205.57 -60.48
216.31 203.68 -60.48
216.84 201.89 -60.48
217.34 200.05 -60.48
217.82 198.16 -60.48
218.25 196.25 -60.48
218.6 194.34 -60.48
218.85 192.46 -60.48
218.97 190.64 -60.48
218.85 188.88 -60.48
218.25 187.15 -60.48
217.31 185.45 -60.48
216.15 183.79 -60.48
214.93 182.18 -60.48
213.78 180.63 -60.48
212.67 179.06 -60.48
211.49 177.47 -60.48
210.23 175.95 -60.48
208.88 174.61 -60.48
207.45 173.53 -60.48
205.91 172.66 -60.48
204.22 171.85 -60.48
202.42 171.1 -60.48
200.56 170.45 -60.48
198.66 169.93 -60.48
196.77 169.55 -60.48
194.92 169.33 -60.48
193.06 169.16 -60.48
191.19 169 -60.48
189.3 168.87 -60.48
187.39 168.78 -60.48
185.47 168.71 -60.48
183.54 168.69 -60.48
183.54 168.69 -60.48
181.76 169.66 -60.48
180.13 170.76 -60.48
178.68 171.97 -60.48
177.47 173.29 -60.48
176.4 174.76 -60.48
175.33 176.43 -60.48
174.41 178.22 -60.48
173.77 180.06 -60.48
173.55 181.88 -60.48
173.57 183.71 -60.48
173.63 185.6 -60.48
173.74 187.52 -60.48
173.88 189.47 -60.48
174.06 191.41 -60.48
174.28 193.35 -60.48
174.53 195.26 -60.48
174.81 197.12 -60.48
175.12 198.92 -60.48
175.61 200.66 -60.48
176.53 202.38 -60.48
177.65 203.99 -60.48
178.79 205.46 -60.48
180.04 206.87 -60.48
181.41 208.22 -60.48
182.88 209.5 -60.48
184.41 210.7 -60.48
185.98 211.77 -60.48
187.57 212.73 -60.48
189.21 213.7 -60.48
190.93 214.68 -60.48
192.7 215.61 -60.48
194.5 216.41 -60.48
196.31 217.03 -60.48
198.12 217.39 -60.48
198.12 217.39 -60.48
199.91 217.44 -60.48
201.83 217.2 -60.48
203.82 216.75 -60.48
203 212.67 -69.12
204.55 212.83 -69.12
206.02 212.94 -69.12
207.37 212.98 -69.12
208.62 212.82 -69.12
209.91 212.2 -69.12
211.17 211.23 -69.12
212.36 210.02 -69.12
213.42 208.67 -69.12
214.3 207.29 -69.12
214.93 205.99 -69.12
215.39 204.73 -69.12
215.82 203.37 -69.12
216.21 201.91 -69.12
216.55 200.41 -69.12
216.82 198.87 -69.12
217.02 197.34 -69.12
217.12 195.84 -69.12
217.11 194.38 -69.12
216.98 192.86 -69.12
216.74 191.3 -69.12
216.41 189.75 -69.12
215.99 188.23 -69.12
215.51 186.78 -69.12
214.99 185.44 -69.12
214.42 184.24 -69.12
213.76 183.18 -69.12
212.84 182.19 -69.12
211.69 181.26 -69.12
210.36 180.41 -69.12
208.91 179.64 -69.12
207.38 178.97 -69.12
207.38 178.97 -69.12
206.36 177.61 -69.12
205.28 176.34 -69.12
204.14 175.29 -69.12
202.94 174.54 -69.12
201.68 174.21 -69.12
200.32 174.13 -69.12
198.84 174.07 -69.12
197.3 174.03 -69.12
195.74 173.99 -69.12
194.23 173.97 -69.12
192.8 173.98 -69.12
191.27 174.21 -69.12
189.63 174.72 -69.12
187.99 175.44 -69.12
186.49 176.33 -69.12
185.25 177.32 -69.12
184.4 178.36 -69.12
184.04 179.38 -69.12
183.89 180.6 -69.12
183.77 182.06 -69.12
183.68 183.66 -69.12
183.62 185.29 -69.12
183.59 186.86 -69.12
183.63 188.34 -69.12
183.75 189.83 -69.12
183.95 191.31 -69.12
184.2 192.79 -69.12
184.5 194.25 -69.12
184.82 195.69 -69.12
185.15 197.11 -69.12
185.6 198.52 -69.12
186.17 199.93 -69.12
186.82 201.3 -69.12
187.54 202.62 -69.12
188.29 203.86 -69.12
189.1 205.09 -69.12
190.01 206.37 -69.12
191.01 207.65 -69.12
192.08 208.85 -69.12
193.21 209.89 -69.12
194.39 210.73 -69.12
195.6 211.28 -69.12
196.88 211.62 -69.12
198.31 211.94 -69.12
199.84 212.22 -69.12
201.42 212.47 -69.12
203 212.67 -69.12
