205.48 226.5 0
208.73 226.3 0
211.98 225.99 0
215.21 225.53 0
218.36 224.76 0
220.42 222.29 0
221.77 219.32 0
223.56 216.62 0
226.22 214.73 0
229.04 213.1 0
231.67 211.18 0
233.94 208.84 0
236.12 206.4 0
238.15 203.85 0
239.95 201.13 0
241.41 198.21 0
242.34 195.09 0
242.61 191.84 0
242.75 188.58 0
242.84 185.32 0
242.86 182.06 0
242.11 178.91 0
240.39 176.15 0
238.22 173.72 0
235.85 171.47 0
233.43 169.29 0
231.07 167.03 0
228.91 164.59 0
226.82 162.08 0
224.71 159.6 0
222.45 157.24 0
219.96 155.13 0
217.21 153.39 0
214.37 151.79 0
211.43 150.36 0
208.37 149.23 0
205.18 148.58 0
201.92 148.49 0
198.66 148.51 0
195.4 148.56 0
192.14 148.63 0
188.87 148.72 0
185.61 148.84 0
182.37 149.14 0
179.23 150.04 0
176.25 151.37 0
173.43 153.01 0
170.78 154.91 0
168.42 157.16 0
166.46 159.76 0
164.78 162.56 0
163.34 165.48 0
162.11 168.5 0
161.04 171.59 0
160.05 174.69 0
159.14 177.83 0
158.38 181 0
157.83 184.22 0
157.57 187.47 0
157.79 190.72 0
158.62 193.88 0
159.8 196.92 0
161.18 199.87 0
162.61 202.81 0
164.14 205.69 0
165.86 208.46 0
167.76 211.11 0
169.87 213.6 0
172.2 215.89 0
174.71 217.96 0
177.33 219.91 0
180.07 221.68 0
182.94 223.22 0
185.96 224.47 0
189.11 225.3 0
192.33 225.8 0
195.57 226.2 0
198.82 226.47 0
202.08 226.57 0
202.08 226.57 0
204.01 229.6 -8.64
207.21 228.89 -8.64
210.34 227.91 -8.64
213.43 226.8 -8.64
216.5 225.67 -8.64
219.6 224.59 -8.64
222.69 223.49 -8.64
225.74 222.29 -8.64
228.71 220.91 -8.64
231.5 219.18 -8.64
233.77 216.82 -8.64
234.96 213.77 -8.64
235.7 210.57 -8.64
236.27 207.34 -8.64
236.77 204.11 -8.64
237.31 200.87 -8.64
237.95 197.66 -8.64
238.63 194.45 -8.64
239.25 191.23 -8.64
239.72 187.99 -8.64
239.92 184.71 -8.64
239.69 181.44 -8.64
239.04 178.23 -8.64
238.09 175.09 -8.64
236.91 172.03 -8.64
235.54 169.05 -8.64
233.99 166.17 -8.64
231.95 163.6 -8.64
229.57 161.35 -8.64
227 159.3 -8.64
224.34 157.39 -8.64
221.65 155.51 -8.64
219.03 153.55 -8.64
216.38 151.62 -8.64
213.57 149.92 -8.64
210.52 148.73 -8.64
207.26 148.41 -8.64
203.98 148.41 -8.64
200.7 148.43 -8.64
197.42 148.46 -8.64
194.14 148.49 -8.64
190.87 148.54 -8.64
187.59 148.64 -8.64
184.37 149.26 -8.64
181.28 150.35 -8.64
178.31 151.74 -8.64
175.44 153.32 -8.64
172.62 154.99 -8.64
169.91 156.84 -8.64
167.36 158.89 -8.64
165.01 161.18 -8.64
162.99 163.76 -8.64
161.6 166.73 -8.64
160.8 169.91 -8.64
160.17 173.13 -8.64
159.66 176.37 -8.64
159.28 179.62 -8.64
159.03 182.89 -8.64
158.93 186.17 -8.64
159.12 189.44 -8.64
159.66 192.68 -8.64
160.45 195.86 -8.64
161.43 198.99 -8.64
162.53 202.07 -8.64
163.96 205.03 -8.64
165.78 207.75 -8.64
167.86 210.28 -8.64
170.09 212.69 -8.64
172.41 215 -8.64
174.79 217.26 -8.64
177.25 219.42 -8.64
179.81 221.47 -8.64
182.49 223.36 -8.64
185.3 225.05 -8.64
188.27 226.45 -8.64
191.32 227.65 -8.64
194.41 228.73 -8.64
197.59 229.53 -8.64
200.85 229.87 -8.64
200.85 229.87 -8.64
205.29 230.24 -17.28
208.51 229.55 -17.28
211.69 228.71 -17.28
214.85 227.78 -17.28
217.92 226.6 -17.28
220.86 225.1 -17.28
223.65 223.36 -17.28
226.31 221.41 -17.28
228.82 219.29 -17.28
231.16 216.97 -17.28
233.24 214.42 -17.28
235.09 211.69 -17.28
236.75 208.85 -17.28
238.28 205.94 -17.28
239.7 202.97 -17.28
241.06 199.97 -17.28
242.32 196.93 -17.28
243.09 193.73 -17.28
243.5 190.46 -17.28
243.73 187.18 -17.28
243.54 183.89 -17.28
242.33 180.83 -17.28
240.74 177.95 -17.28
238.97 175.17 -17.28
236.92 172.59 -17.28
234.72 170.15 -17.28
232.48 167.74 -17.28
230.22 165.34 -17.28
227.91 162.99 -17.28
225.52 160.73 -17.28
223 158.61 -17.28
220.35 156.66 -17.28
217.68 154.73 -17.28
214.97 152.87 -17.28
212.1 151.24 -17.28
209.03 150.06 -17.28
205.77 149.6 -17.28
202.49 149.36 -17.28
199.2 149.17 -17.28
195.91 149.04 -17.28
192.62 148.98 -17.28
189.33 149.05 -17.28
186.06 149.43 -17.28
182.83 150.07 -17.28
179.65 150.93 -17.28
176.55 152.04 -17.28
173.66 153.62 -17.28
171.01 155.57 -17.28
168.58 157.79 -17.28
166.37 160.23 -17.28
164.41 162.88 -17.28
162.75 165.72 -17.28
161.52 168.77 -17.28
160.67 171.96 -17.28
159.98 175.17 -17.28
159.4 178.42 -17.28
158.96 181.68 -17.28
158.66 184.96 -17.28
158.53 188.25 -17.28
158.83 191.52 -17.28
159.7 194.7 -17.28
160.9 197.76 -17.28
162.27 200.76 -17.28
163.64 203.75 -17.28
165.08 206.71 -17.28
166.68 209.59 -17.28
168.47 212.35 -17.28
170.48 214.96 -17.28
172.76 217.34 -17.28
175.25 219.49 -17.28
177.9 221.45 -17.28
180.65 223.25 -17.28
183.51 224.89 -17.28
186.44 226.38 -17.28
189.41 227.8 -17.28
192.4 229.19 -17.28
195.49 230.31 -17.28
198.74 230.85 -17.28
202.03 230.7 -17.28
202.03 230.7 -17.28
206.22 229.04 -25.92
209.19 228.01 -25.92
212.09 226.84 -25.92
214.99 225.63 -25.92
217.87 224.39 -25.92
220.7 223.03 -25.92
223.45 221.52 -25.92
226.1 219.85 -25.92
228.61 217.97 -25.92
230.89 215.82 -25.92
232.9 213.41 -25.92
234.7 210.84 -25.92
236.26 208.12 -25.92
237.54 205.25 -25.92
238.44 202.25 -25.92
239.09 199.18 -25.92
239.64 196.09 -25.92
240.04 192.98 -25.92
240.24 189.85 -25.92
240.02 186.72 -25.92
239.13 183.71 -25.92
237.92 180.82 -25.92
236.7 177.93 -25.92
235.46 175.05 -25.92
234.06 172.24 -25.92
232.43 169.56 -25.92
230.57 167.03 -25.92
228.55 164.63 -25.92
226.39 162.36 -25.92
224.1 160.21 -25.92
221.71 158.19 -25.92
219.22 156.28 -25.92
216.75 154.34 -25.92
214.22 152.49 -25.92
211.52 150.9 -25.92
208.56 149.85 -25.92
205.42 149.76 -25.92
202.32 150.23 -25.92
199.27 150.98 -25.92
196.28 151.9 -25.92
193.31 152.92 -25.92
190.35 153.96 -25.92
187.37 154.94 -25.92
184.37 155.85 -25.92
181.37 156.77 -25.92
178.4 157.78 -25.92
175.49 158.96 -25.92
172.73 160.44 -25.92
170.14 162.21 -25.92
167.72 164.21 -25.92
165.54 166.46 -25.92
163.75 169.04 -25.92
162.71 172 -25.92
162.16 175.09 -25.92
161.74 178.2 -25.92
161.41 181.32 -25.92
161.18 184.44 -25.92
161.05 187.58 -25.92
161.07 190.72 -25.92
161.44 193.83 -25.92
162.11 196.89 -25.92
163.01 199.9 -25.92
164.07 202.85 -25.92
165.25 205.76 -25.92
166.78 208.49 -25.92
168.7 210.97 -25.92
170.84 213.27 -25.92
173.11 215.44 -25.92
175.49 217.48 -25.92
178.07 219.26 -25.92
180.67 221.01 -25.92
183.12 222.98 -25.92
185.42 225.11 -25.92
187.97 226.94 -25.92
190.88 228.11 -25.92
193.87 229.06 -25.92
196.93 229.75 -25.92
200.05 230.06 -25.92
203.17 229.78 -25.92
203.17 229.78 -25.92
207.15 228.33 -34.56
210.04 227.79 -34.56
212.9 227.12 -34.56
215.69 226.17 -34.56
218.23 224.69 -34.56
220.53 222.85 -34.56
222.64 220.8 -34.56
224.6 218.61 -34.56
226.46 216.33 -34.56
228.23 213.98 -34.56
229.91 211.56 -34.56
231.45 209.06 -34.56
232.84 206.46 -34.56
234.05 203.78 -34.56
235 201 -34.56
235.73 198.15 -34.56
236.38 195.28 -34.56
236.92 192.39 -34.56
237.31 189.47 -34.56
237.49 186.53 -34.56
237.3 183.6 -34.56
236.73 180.71 -34.56
235.86 177.9 -34.56
234.78 175.16 -34.56
233.51 172.51 -34.56
232.06 169.95 -34.56
230.17 167.69 -34.56
227.93 165.78 -34.56
225.53 164.09 -34.56
223.04 162.52 -34.56
220.54 160.97 -34.56
218.1 159.33 -34.56
215.67 157.67 -34.56
213.15 156.16 -34.56
210.44 155.01 -34.56
207.53 154.57 -34.56
204.59 154.62 -34.56
201.65 154.79 -34.56
198.72 155.04 -34.56
195.79 155.36 -34.56
192.87 155.74 -34.56
189.96 156.16 -34.56
187.07 156.72 -34.56
184.26 157.59 -34.56
181.53 158.69 -34.56
178.89 159.99 -34.56
176.34 161.45 -34.56
173.89 163.09 -34.56
171.58 164.9 -34.56
169.44 166.92 -34.56
167.56 169.18 -34.56
166.17 171.78 -34.56
165.46 174.63 -34.56
164.96 177.53 -34.56
164.56 180.44 -34.56
164.26 183.37 -34.56
164.06 186.31 -34.56
163.98 189.25 -34.56
164.12 192.19 -34.56
164.57 195.09 -34.56
165.24 197.96 -34.56
166.08 200.78 -34.56
167.04 203.56 -34.56
168.28 206.23 -34.56
169.92 208.67 -34.56
171.79 210.94 -34.56
173.81 213.08 -34.56
175.9 215.15 -34.56
178.04 217.17 -34.56
180.25 219.11 -34.56
182.55 220.95 -34.56
184.95 222.65 -34.56
187.46 224.18 -34.56
190.1 225.48 -34.56
192.81 226.64 -34.56
195.55 227.7 -34.56
198.38 228.5 -34.56
201.3 228.83 -34.56
201.3 228.83 -34.56
204.23 228.69 -34.56
207.12 225.56 -43.2
209.9 225.08 -43.2
212.66 224.48 -43.2
215.4 223.78 -43.2
218.05 222.84 -43.2
220.56 221.54 -43.2
222.92 219.99 -43.2
225.14 218.25 -43.2
227.23 216.35 -43.2
229.18 214.31 -43.2
231.01 212.16 -43.2
232.75 209.95 -43.2
234.34 207.61 -43.2
235.66 205.12 -43.2
236.56 202.44 -43.2
236.8 199.63 -43.2
236.66 196.81 -43.2
236.39 194 -43.2
236.03 191.21 -43.2
235.6 188.42 -43.2
235.12 185.64 -43.2
234.48 182.89 -43.2
233.67 180.18 -43.2
232.71 177.53 -43.2
231.59 174.94 -43.2
230.3 172.43 -43.2
228.83 170.03 -43.2
227.03 167.85 -43.2
224.97 165.92 -43.2
222.72 164.22 -43.2
220.32 162.72 -43.2
217.79 161.47 -43.2
215.2 160.36 -43.2
212.57 159.35 -43.2
209.88 158.48 -43.2
207.14 157.83 -43.2
204.34 157.47 -43.2
201.51 157.45 -43.2
198.69 157.54 -43.2
195.88 157.68 -43.2
193.06 157.89 -43.2
190.25 158.15 -43.2
187.45 158.46 -43.2
184.68 158.99 -43.2
182.04 160.02 -43.2
179.57 161.38 -43.2
177.26 163 -43.2
175.1 164.81 -43.2
173.1 166.8 -43.2
171.32 168.99 -43.2
169.75 171.33 -43.2
168.41 173.82 -43.2
167.35 176.43 -43.2
166.7 179.18 -43.2
166.26 181.97 -43.2
165.9 184.77 -43.2
165.61 187.57 -43.2
165.39 190.39 -43.2
165.25 193.2 -43.2
165.21 196.03 -43.2
165.68 198.81 -43.2
166.68 201.45 -43.2
167.98 203.95 -43.2
169.44 206.37 -43.2
170.94 208.76 -43.2
172.57 211.06 -43.2
174.43 213.18 -43.2
176.45 215.16 -43.2
178.53 217.06 -43.2
180.65 218.92 -43.2
182.85 220.69 -43.2
185.18 222.28 -43.2
187.67 223.61 -43.2
190.34 224.52 -43.2
193.11 225.1 -43.2
195.89 225.56 -43.2
198.69 225.88 -43.2
201.51 226 -43.2
201.51 226 -43.2
204.32 225.88 -43.2
205.75 222.67 -51.84
208.25 222.31 -51.84
210.72 221.79 -51.84
213.16 221.15 -51.84
215.57 220.42 -51.84
217.94 219.55 -51.84
220.22 218.48 -51.84
222.41 217.22 -51.84
224.49 215.79 -51.84
226.43 214.18 -51.84
228.17 212.36 -51.84
229.55 210.25 -51.84
230.51 207.91 -51.84
231.23 205.5 -51.84
231.8 203.04 -51.84
232.24 200.56 -51.84
232.57 198.06 -51.84
232.85 195.55 -51.84
233.1 193.04 -51.84
233.29 190.53 -51.84
233.41 188.01 -51.84
233.36 185.49 -51.84
232.7 183.05 -51.84
231.58 180.79 -51.84
230.18 178.69 -51.84
228.61 176.72 -51.84
226.93 174.84 -51.84
225.16 173.05 -51.84
223.25 171.39 -51.84
221.23 169.88 -51.84
219.1 168.54 -51.84
216.85 167.4 -51.84
214.47 166.54 -51.84
212 166.03 -51.84
209.5 165.71 -51.84
206.99 165.47 -51.84
204.48 165.24 -51.84
201.97 164.96 -51.84
199.48 164.57 -51.84
197 164.11 -51.84
194.53 163.63 -51.84
192.04 163.19 -51.84
189.54 162.86 -51.84
187.03 162.69 -51.84
184.52 162.95 -51.84
182.12 163.72 -51.84
179.85 164.83 -51.84
177.73 166.2 -51.84
175.86 167.89 -51.84
174.48 170 -51.84
173.43 172.29 -51.84
172.58 174.67 -51.84
171.9 177.1 -51.84
171.36 179.56 -51.84
170.92 182.05 -51.84
170.52 184.53 -51.84
170.17 187.03 -51.84
169.88 189.54 -51.84
169.67 192.05 -51.84
169.57 194.57 -51.84
169.7 197.09 -51.84
170.29 199.54 -51.84
171.2 201.89 -51.84
172.3 204.16 -51.84
173.52 206.37 -51.84
174.88 208.5 -51.84
176.54 210.4 -51.84
178.38 212.12 -51.84
180.32 213.73 -51.84
182.3 215.29 -51.84
184.33 216.79 -51.84
186.43 218.19 -51.84
188.61 219.44 -51.84
190.91 220.49 -51.84
193.31 221.25 -51.84
195.77 221.83 -51.84
198.24 222.32 -51.84
200.74 222.67 -51.84
203.26 222.8 -51.84
203.26 222.8 -51.84
204.71 216.7 -60.48
206.64 217.08 -60.48
208.62 217.09 -60.48
210.59 216.96 -60.48
212.49 216.43 -60.48
214.34 215.74 -60.48
216.08 214.82 -60.48
217.85 213.94 -60.48
219.55 212.94 -60.48
220.84 211.45 -60.48
221.68 209.66 -60.48
222.45 207.84 -60.48
222.88 205.92 -60.48
223.44 204.03 -60.48
224.55 202.39 -60.48
225.57 200.71 -60.48
226.21 198.84 -60.48
226.68 196.92 -60.48
227.15 195.01 -60.48
227.46 193.06 -60.48
227.35 191.09 -60.48
226.8 189.19 -60.48
226.18 187.32 -60.48
225.18 185.62 -60.48
224.46 183.78 -60.48
223.45 182.08 -60.48
221.94 180.81 -60.48
220.3 179.71 -60.48
218.69 178.57 -60.48
217.21 177.27 -60.48
215.63 176.09 -60.48
213.95 175.06 -60.48
212.18 174.19 -60.48
210.21 174.04 -60.48
208.24 174.01 -60.48
206.29 173.66 -60.48
204.32 173.65 -60.48
202.38 173.28 -60.48
200.54 172.56 -60.48
198.72 171.81 -60.48
196.8 171.34 -60.48
194.86 170.96 -60.48
192.91 170.68 -60.48
190.94 170.61 -60.48
188.96 170.62 -60.48
187.01 170.86 -60.48
185.12 171.46 -60.48
183.36 172.34 -60.48
181.68 173.37 -60.48
180.08 174.54 -60.48
178.85 176.08 -60.48
178.25 177.96 -60.48
178.18 179.93 -60.48
178.17 181.9 -60.48
178.03 183.87 -60.48
177.53 185.78 -60.48
176.82 187.62 -60.48
176.56 189.58 -60.48
176.35 191.54 -60.48
176.28 193.51 -60.48
176.3 195.48 -60.48
176.76 197.4 -60.48
177.55 199.21 -60.48
178.41 200.99 -60.48
179.65 202.52 -60.48
181.16 203.8 -60.48
182.6 205.14 -60.48
184 206.53 -60.48
185.62 207.66 -60.48
187.3 208.69 -60.48
188.89 209.86 -60.48
190.46 211.05 -60.48
192.02 212.27 -60.48
193.45 213.62 -60.48
195.22 214.51 -60.48
197.02 215.3 -60.48
198.83 216.09 -60.48
200.79 216.32 -60.48
202.77 216.32 -60.48
202.77 216.32 -60.48
206.17 208.32 -69.12
207.33 208.08 -69.12
208.25 207.3 -69.12
209.28 206.71 -69.12
210.38 206.28 -69.12
211.48 205.9 -69.12
212.35 205.09 -69.12
213.02 204.12 -69.12
213.47 203.02 -69.12
213.95 201.93 -69.12
214.41 200.84 -69.12
214.77 199.7 -69.12
215.2 198.6 -69.12
215.72 197.52 -69.12
216.16 196.42 -69.12
216.53 195.29 -69.12
216.8 194.13 -69.12
216.88 192.95 -69.12
216.79 191.76 -69.12
216.56 190.6 -69.12
216.14 189.49 -69.12
215.57 188.45 -69.12
214.9 187.46 -69.12
214.18 186.51 -69.12
213.42 185.6 -69.12
212.59 184.75 -69.12
211.67 183.99 -69.12
210.69 183.31 -69.12
209.67 182.7 -69.12
208.64 182.11 -69.12
207.62 181.5 -69.12
206.59 180.91 -69.12
205.49 180.44 -69.12
204.36 180.06 -69.12
203.23 179.71 -69.12
202.08 179.4 -69.12
200.9 179.23 -69.12
199.71 179.18 -69.12
198.52 179.18 -69.12
197.33 179.2 -69.12
196.15 179.36 -69.12
195.04 179.79 -69.12
193.98 180.33 -69.12
193.02 181.03 -69.12
192.13 181.82 -69.12
191.31 182.68 -69.12
190.54 183.59 -69.12
189.77 184.5 -69.12
189 185.4 -69.12
188.27 186.35 -69.12
187.61 187.34 -69.12
187.13 188.42 -69.12
186.91 189.58 -69.12
186.85 190.77 -69.12
186.87 191.96 -69.12
186.98 193.14 -69.12
187.26 194.3 -69.12
187.64 195.42 -69.12
188.08 196.53 -69.12
188.54 197.63 -69.12
188.96 198.74 -69.12
189.34 199.87 -69.12
189.79 200.97 -69.12
190.34 202.03 -69.12
190.87 203.09 -69.12
191.44 204.13 -69.12
192.21 205.02 -69.12
193.16 205.74 -69.12
194.15 206.41 -69.12
195.11 207.1 -69.12
196.06 207.83 -69.12
197.01 208.54 -69.12
197.99 209.19 -69.12
199.16 209.22 -69.12
200.35 209.2 -69.12
201.54 209.2 -69.12
202.73 209.2 -69.12
202.73 209.2 -69.12
203.9 209.02 -69.12
205.01 208.59 -69.12
201.98 199.99 -77.76
202.52 199.99 -77.76
203.03 199.99 -77.76
203.54 199.99 -77.76
204.05 199.99 -77.76
204.55 199.99 -77.76
204.99 199.76 -77.76
205.36 199.42 -77.76
205.72 199.06 -77.76
206.08 198.7 -77.76
206.44 198.34 -77.76
206.79 197.98 -77.76
207.04 197.57 -77.76
207.27 197.21 -77.76
207.53 196.91 -77.76
207.53 196.4 -77.76
207.53 195.89 -77.76
207.53 195.38 -77.76
207.52 194.88 -77.76
207.41 194.4 -77.76
207.06 194.03 -77.76
206.83 193.58 -77.76
206.57 193.14 -77.76
206.2 192.96 -77.76
206.55 193.08 -77.76
206.91 193.44 -77.76
207.07 193.32 -77.76
207.07 192.82 -77.76
206.99 192.32 -77.76
206.74 191.9 -77.76
206.39 191.53 -77.76
206.11 191.11 -77.76
205.78 190.86 -77.76
205.27 190.86 -77.76
204.76 190.86 -77.76
204.37 190.73 -77.76
204.13 190.41 -77.76
203.62 190.41 -77.76
203.11 190.41 -77.76
202.6 190.41 -77.76
202.1 190.38 -77.76
201.7 190.08 -77.76
201.21 189.95 -77.76
200.7 189.95 -77.76
200.19 189.95 -77.76
199.68 189.95 -77.76
199.17 189.95 -77.76
198.84 190.28 -77.76
198.37 190.47 -77.76
198.03 190.83 -77.76
197.9 191.31 -77.76
197.59 191.71 -77.76
197.43 192.16 -77.76
197.02 192.33 -77.76
196.9 192.81 -77.76
196.57 193.19 -77.76
196.42 193.63 -77.76
196.12 193.94 -77.76
195.99 194.38 -77.76
195.71 194.76 -77.76
195.66 195.27 -77.76
195.66 195.77 -77.76
195.81 196.24 -77.76
196.12 196.64 -77.76
196.12 197.15 -77.76
196.12 197.66 -77.76
196.22 198.15 -77.76
196.61 198.44 -77.76
196.82 198.9 -77.76
197.1 199.33 -77.76
197.49 199.64 -77.76
197.94 199.88 -77.76
198.42 199.99 -77.76
198.93 199.99 -77.76
199.44 199.99 -77.76
199.95 199.99 -77.76
200.46 199.99 -77.76
200.96 199.99 -77.76
201.47 199.99 -77.76
201.98 199.99 -77.76
