91.13 137.99 0
94.826 137.15 0
98.42 135.94 0
101.91 134.47 0
105.31 132.79 0
108.57 130.86 0
111.61 128.6 0
114.41 126.04 0
116.93 123.21 0
119.03 120.07 0
120.41 116.56 0
120.94 112.82 0
121.26 109.04 0
121.5 105.26 0
121.66 101.47 0
121.77 97.68 0
121.77 93.889 0
121.37 90.123 0
120.55 86.424 0
119.47 82.788 0
118.32 79.179 0
117.22 75.549 0
116.27 71.881 0
115.35 68.204 0
114.42 64.529 0
113.46 60.861 0
112.45 57.209 0
111.35 53.58 0
110.15 49.986 0
108.83 46.434 0
107.37 42.933 0
105.78 39.495 0
104.02 36.139 0
102.07 32.889 0
100.07 29.669 0
97.887 26.567 0
95.283 23.821 0
91.96 22.049 0
88.219 21.456 0
84.614 22.544 0
81.568 24.795 0
78.873 27.46 0
76.253 30.2 0
73.559 32.867 0
71.015 35.675 0
68.617 38.611 0
66.311 41.619 0
63.981 44.609 0
61.684 47.624 0
59.52 50.736 0
57.611 54.009 0
56.129 57.495 0
55.105 61.142 0
54.248 64.835 0
53.527 68.556 0
52.942 72.301 0
52.498 76.066 0
52.208 79.845 0
51.991 83.629 0
51.799 87.415 0
51.64 91.202 0
51.521 94.991 0
51.45 98.781 0
51.459 102.57 0
51.807 106.34 0
52.506 110.07 0
53.484 113.73 0
54.683 117.33 0
56.08 120.85 0
57.862 124.19 0
60.121 127.24 0
62.747 129.97 0
65.714 132.33 0
69.045 134.13 0
72.593 135.46 0
76.214 136.58 0
79.898 137.47 0
83.64 138.07 0
87.423 138.31 0
87.423 138.31 0
91.148 137.59 -8
94.739 136.49 -8
98.159 134.93 -8
101.42 133.07 -8
104.53 130.96 -8
107.49 128.65 -8
110.25 126.1 -8
112.79 123.33 -8
115.06 120.34 -8
116.96 117.1 -8
118.26 113.59 -8
118.66 109.88 -8
118.68 106.12 -8
118.67 102.36 -8
118.66 98.607 -8
118.64 94.85 -8
118.62 91.093 -8
118.55 87.336 -8
118.08 83.61 -8
117.25 79.948 -8
116.2 76.341 -8
115.08 72.755 -8
114.02 69.15 -8
113.07 65.515 -8
112.11 61.883 -8
111.07 58.272 -8
109.89 54.703 -8
108.42 51.248 -8
106.82 47.848 -8
105.38 44.377 -8
104.39 40.755 -8
103.7 37.06 -8
103.04 33.361 -8
102.1 29.725 -8
100.76 26.214 -8
99.06 22.867 -8
96.648 20.03 -8
93.098 20.056 -8
89.693 21.617 -8
86.524 23.628 -8
83.513 25.873 -8
80.614 28.262 -8
77.799 30.75 -8
75.053 33.314 -8
72.359 35.933 -8
69.712 38.6 -8
67.153 41.351 -8
64.724 44.216 -8
62.477 47.227 -8
60.49 50.414 -8
58.882 53.807 -8
57.58 57.331 -8
56.401 60.899 -8
55.355 64.507 -8
54.47 68.159 -8
53.778 71.852 -8
53.32 75.581 -8
53.128 79.333 -8
53.016 83.088 -8
52.924 86.844 -8
52.851 90.601 -8
52.8 94.358 -8
52.773 98.115 -8
52.809 101.87 -8
53.134 105.61 -8
53.742 109.32 -8
54.584 112.98 -8
55.627 116.59 -8
56.897 120.13 -8
58.656 123.44 -8
60.89 126.46 -8
63.451 129.2 -8
66.299 131.66 -8
69.414 133.75 -8
72.803 135.37 -8
76.409 136.41 -8
80.079 137.22 -8
83.794 137.78 -8
87.544 138.01 -8
87.544 138.01 -8
92.753 137.52 -16
96.25 136.69 -16
99.641 135.51 -16
102.92 134.04 -16
106.09 132.35 -16
109.09 130.37 -16
111.74 127.95 -16
114.08 125.22 -16
116.08 122.24 -16
117.68 119.02 -16
118.75 115.6 -16
119.57 112.1 -16
120.2 108.56 -16
120.61 104.99 -16
120.74 101.4 -16
120.55 97.815 -16
120.09 94.252 -16
119.4 90.725 -16
118.55 87.234 -16
117.58 83.774 -16
116.53 80.337 -16
115.45 76.911 -16
114.37 73.484 -16
113.31 70.05 -16
112.12 66.66 -16
110.8 63.318 -16
109.39 60.011 -16
107.95 56.72 -16
106.52 53.425 -16
105.14 50.107 -16
103.88 46.74 -16
102.74 43.331 -16
101.61 39.92 -16
100.38 36.544 -16
98.931 33.257 -16
97.146 30.139 -16
95.023 27.24 -16
91.637 26.455 -16
88.205 27.515 -16
84.966 29.061 -16
82.077 31.192 -16
79.506 33.7 -16
77.156 36.418 -16
74.939 39.246 -16
72.767 42.109 -16
70.611 44.983 -16
68.57 47.941 -16
66.64 50.971 -16
64.808 54.063 -16
63.063 57.204 -16
61.371 60.374 -16
59.592 63.496 -16
57.784 66.602 -16
56.053 69.75 -16
54.512 72.996 -16
53.299 76.378 -16
52.613 79.904 -16
52.457 83.494 -16
52.362 87.086 -16
52.286 90.679 -16
52.229 94.271 -16
52.192 97.865 -16
52.192 101.46 -16
52.475 105.03 -16
53.348 108.52 -16
54.627 111.87 -16
56.174 115.12 -16
57.884 118.28 -16
59.689 121.39 -16
61.648 124.4 -16
63.788 127.28 -16
66.15 129.99 -16
68.764 132.45 -16
71.695 134.52 -16
75.004 135.9 -16
78.511 136.68 -16
82.054 137.28 -16
85.625 137.68 -16
89.215 137.84 -16
89.215 137.84 -16
91.907 136.27 -24
95.088 135.89 -24
98.24 135.32 -24
101.35 134.57 -24
104.36 133.49 -24
106.98 131.66 -24
109.25 129.39 -24
111.21 126.87 -24
112.89 124.13 -24
114.25 121.24 -24
115.37 118.24 -24
116.37 115.19 -24
117.25 112.11 -24
117.98 108.99 -24
118.54 105.84 -24
118.9 102.66 -24
119.02 99.456 -24
118.84 96.257 -24
118.42 93.082 -24
117.84 89.932 -24
117.15 86.802 -24
116.44 83.68 -24
115.7 80.562 -24
114.84 77.475 -24
113.87 74.424 -24
112.79 71.405 -24
111.64 68.417 -24
110.41 65.457 -24
109.12 62.525 -24
107.71 59.65 -24
106.18 56.834 -24
104.56 54.071 -24
102.86 51.355 -24
101.12 48.669 -24
99.435 45.942 -24
97.762 43.21 -24
95.401 41.084 -24
92.261 40.46 -24
89.072 40.213 -24
85.963 40.835 -24
83.238 42.487 -24
80.89 44.656 -24
78.794 47.077 -24
76.849 49.623 -24
74.978 52.223 -24
73.084 54.807 -24
71.146 57.358 -24
69.313 59.985 -24
67.587 62.684 -24
65.955 65.441 -24
64.405 68.244 -24
62.926 71.086 -24
61.498 73.954 -24
60.03 76.801 -24
58.569 79.652 -24
57.199 82.548 -24
56.009 85.523 -24
55.111 88.597 -24
54.622 91.763 -24
54.302 94.95 -24
54.061 98.145 -24
53.935 101.35 -24
54.029 104.55 -24
54.498 107.72 -24
55.275 110.82 -24
56.3 113.86 -24
57.535 116.81 -24
58.971 119.68 -24
60.623 122.42 -24
62.587 124.94 -24
65.048 126.99 -24
67.765 128.68 -24
70.615 130.14 -24
73.541 131.45 -24
76.512 132.64 -24
79.506 133.78 -24
82.485 134.96 -24
85.527 135.97 -24
88.698 136.42 -24
88.698 136.42 -24
91.839 134.1 -32
94.575 133.6 -32
97.258 132.87 -32
99.884 131.95 -32
102.44 130.86 -32
104.9 129.56 -32
107.14 127.91 -32
109.19 126.04 -32
111.08 123.99 -32
112.78 121.79 -32
114.28 119.45 -32
115.56 116.98 -32
116.53 114.38 -32
117.08 111.66 -32
117.28 108.89 -32
117.39 106.11 -32
117.48 103.33 -32
117.53 100.55 -32
117.56 97.77 -32
117.41 94.993 -32
117.01 92.241 -32
116.44 89.518 -32
115.79 86.814 -32
115.08 84.124 -32
114.2 81.486 -32
113.16 78.906 -32
112.01 76.376 -32
110.76 73.891 -32
109.44 71.44 -32
108.06 69.025 -32
106.59 66.667 -32
104.99 64.388 -32
103.25 62.22 -32
101.32 60.215 -32
99.257 58.354 -32
97.087 56.615 -32
94.69 55.213 -32
91.984 54.694 -32
89.381 55.633 -32
87.064 57.172 -32
84.807 58.798 -32
82.523 60.386 -32
80.313 62.075 -32
78.17 63.848 -32
76.071 65.673 -32
73.992 67.521 -32
71.9 69.355 -32
69.794 71.172 -32
67.731 73.037 -32
65.778 75.018 -32
64.027 77.178 -32
62.5 79.503 -32
61.115 81.916 -32
59.867 84.401 -32
58.756 86.952 -32
57.794 89.562 -32
56.913 92.2 -32
56.063 94.849 -32
55.358 97.539 -32
54.938 100.29 -32
54.968 103.07 -32
55.429 105.81 -32
56.192 108.48 -32
57.171 111.09 -32
58.304 113.63 -32
59.558 116.11 -32
61.018 118.48 -32
62.684 120.7 -32
64.513 122.8 -32
66.482 124.76 -32
68.585 126.58 -32
70.814 128.25 -32
73.171 129.72 -32
75.664 130.96 -32
78.258 131.96 -32
80.894 132.85 -32
83.578 133.58 -32
86.312 134.09 -32
89.086 134.3 -32
89.086 134.3 -32
90.804 132.68 -40
93.525 132.53 -40
96.245 132.2 -40
98.904 131.61 -40
101.51 130.8 -40
104.04 129.81 -40
106.49 128.61 -40
108.76 127.11 -40
110.77 125.28 -40
112.58 123.24 -40
114.21 121.06 -40
115.63 118.73 -40
116.82 116.28 -40
117.7 113.71 -40
118.17 111.03 -40
118.15 108.31 -40
117.86 105.6 -40
117.42 102.91 -40
116.87 100.24 -40
116.26 97.587 -40
115.58 94.948 -40
114.63 92.396 -40
113.46 89.934 -40
112.24 87.499 -40
111.1 85.023 -40
110.19 82.456 -40
109.46 79.83 -40
108.83 77.18 -40
108.2 74.529 -40
107.49 71.898 -40
106.61 69.318 -40
105.45 66.852 -40
104.03 64.527 -40
102.46 62.302 -40
100.9 60.068 -40
99.338 57.834 -40
97.425 55.908 -40
94.84 55.415 -40
92.234 56.203 -40
89.753 57.331 -40
87.361 58.636 -40
85.019 60.028 -40
82.825 61.644 -40
80.807 63.475 -40
78.898 65.419 -40
77.032 67.406 -40
75.145 69.371 -40
73.166 71.245 -40
71.064 72.978 -40
68.918 74.658 -40
66.8 76.373 -40
64.792 78.213 -40
63.024 80.283 -40
61.723 82.672 -40
60.708 85.201 -40
59.804 87.771 -40
59.011 90.378 -40
58.335 93.018 -40
57.79 95.687 -40
57.397 98.384 -40
57.193 101.1 -40
57.272 103.82 -40
57.751 106.51 -40
58.483 109.13 -40
59.36 111.71 -40
60.532 114.17 -40
61.986 116.47 -40
63.632 118.64 -40
65.411 120.71 -40
67.283 122.69 -40
69.187 124.64 -40
71.079 126.6 -40
73.034 128.5 -40
75.116 130.25 -40
77.394 131.74 -40
79.925 132.73 -40
82.633 132.93 -40
85.357 132.88 -40
88.081 132.79 -40
90.804 132.68 -40
91.371 130.56 -48
93.761 129.88 -48
96.059 128.93 -48
98.291 127.84 -48
100.49 126.69 -48
102.71 125.55 -48
104.89 124.36 -48
106.97 123.01 -48
108.78 121.33 -48
109.76 119.09 -48
110.13 116.63 -48
110.42 114.17 -48
110.65 111.69 -48
110.84 109.21 -48
110.98 106.73 -48
111.09 104.25 -48
111.17 101.77 -48
111.21 99.28 -48
111.2 96.795 -48
110.95 94.322 -48
110.48 91.881 -48
109.88 89.469 -48
109.23 87.072 -48
108.58 84.672 -48
107.98 82.259 -48
107.34 79.858 -48
106.64 77.474 -48
105.87 75.11 -48
105.08 72.754 -48
104.24 70.414 -48
103.33 68.102 -48
102.31 65.834 -48
101.16 63.634 -48
99.863 61.513 -48
98.492 59.439 -48
96.928 57.51 -48
94.994 55.974 -48
92.595 55.853 -48
90.389 56.988 -48
88.378 58.449 -48
86.44 60.005 -48
84.471 61.521 -48
82.559 63.109 -48
80.716 64.776 -48
78.92 66.494 -48
77.141 68.23 -48
75.315 69.916 -48
73.481 71.594 -48
71.704 73.332 -48
70.062 75.196 -48
68.674 77.256 -48
67.643 79.516 -48
66.776 81.845 -48
66.037 84.218 -48
65.426 86.627 -48
64.953 89.067 -48
64.634 91.532 -48
64.375 94.004 -48
64.14 96.478 -48
63.935 98.955 -48
63.762 101.43 -48
63.628 103.92 -48
63.539 106.4 -48
63.523 108.88 -48
63.931 111.33 -48
64.922 113.6 -48
66.209 115.73 -48
67.611 117.78 -48
68.987 119.85 -48
70.271 121.98 -48
71.573 124.1 -48
72.991 126.14 -48
74.637 127.99 -48
76.677 129.39 -48
79.086 129.96 -48
81.545 130.32 -48
84.016 130.58 -48
86.496 130.75 -48
88.981 130.81 -48
88.981 130.81 -48
90.283 123.77 -56
92.198 123.62 -56
94.103 123.38 -56
95.998 123.07 -56
97.873 122.65 -56
99.638 121.91 -56
101.21 120.82 -56
102.61 119.51 -56
103.88 118.06 -56
104.98 116.49 -56
105.92 114.82 -56
106.65 113.05 -56
107.12 111.19 -56
107.46 109.3 -56
107.74 107.4 -56
107.95 105.49 -56
108.09 103.57 -56
108.14 101.65 -56
108.02 99.736 -56
107.72 97.841 -56
107.3 95.967 -56
106.85 94.1 -56
106.43 92.225 -56
106.06 90.342 -56
105.68 88.459 -56
105.28 86.58 -56
104.85 84.709 -56
104.36 82.852 -56
103.79 81.018 -56
103.1 79.225 -56
102.22 77.518 -56
101.19 75.902 -56
100.03 74.371 -56
98.766 72.922 -56
97.418 71.555 -56
96.042 70.215 -56
94.492 69.081 -56
92.6 68.851 -56
90.682 68.932 -56
88.766 69.072 -56
86.861 69.294 -56
85.081 69.994 -56
83.516 71.104 -56
82.091 72.391 -56
80.715 73.731 -56
79.293 75.022 -56
77.795 76.223 -56
76.306 77.437 -56
74.909 78.754 -56
73.733 80.271 -56
72.875 81.988 -56
72.139 83.761 -56
71.506 85.574 -56
70.973 87.419 -56
70.542 89.29 -56
70.223 91.184 -56
70.009 93.093 -56
69.823 95.004 -56
69.66 96.917 -56
69.523 98.833 -56
69.418 100.75 -56
69.352 102.67 -56
69.336 104.59 -56
69.435 106.51 -56
69.686 108.41 -56
70.062 110.29 -56
70.553 112.15 -56
71.155 113.97 -56
71.932 115.73 -56
73.012 117.31 -56
74.318 118.71 -56
75.77 119.97 -56
77.332 121.08 -56
78.992 122.05 -56
80.752 122.82 -56
82.598 123.34 -56
84.5 123.6 -56
86.414 123.77 -56
88.333 123.83 -56
90.283 123.77 -56
