90.731 66.791 0
92.984 66.858 0
95.236 66.947 0
97.488 67.055 0
99.737 67.205 0
101.96 67.571 0
104.16 68.072 0
106.34 68.651 0
108.5 69.289 0
110.64 69.977 0
112.82 70.548 0
111.99 68.452 0
111.13 66.37 0
110.28 64.284 0
109.43 62.194 0
108.61 60.098 0
107.81 57.989 0
107.07 55.86 0
106.36 53.72 0
105.66 51.578 0
104.94 49.444 0
104.16 47.329 0
103.32 45.238 0
102.43 43.164 0
101.5 41.111 0
100.53 39.08 0
99.499 37.074 0
98.468 35.07 0
97.5 33.034 0
96.499 31.015 0
95.344 29.08 0
93.833 27.407 0
91.758 26.528 0
89.538 26.138 0
87.292 25.943 0
85.059 26.245 0
83.106 27.371 0
81.501 28.953 0
80.099 30.718 0
78.787 32.55 0
77.459 34.371 0
76.052 36.132 0
74.661 37.906 0
73.317 39.715 0
72 41.544 0
70.677 43.369 0
69.313 45.163 0
67.874 46.898 0
66.388 48.592 0
64.911 50.296 0
63.516 52.066 0
62.249 53.93 0
61.046 55.836 0
59.885 57.767 0
58.793 59.739 0
57.817 61.771 0
57.018 63.879 0
56.472 66.065 0
56.153 68.297 0
55.947 70.541 0
55.784 72.789 0
55.643 75.038 0
56.043 77.257 0
57.382 75.444 0
58.801 73.693 0
60.326 72.033 0
62.053 70.585 0
64.069 69.576 0
66.158 68.73 0
68.293 68.008 0
70.469 67.42 0
72.682 66.993 0
74.924 66.764 0
77.178 66.733 0
79.432 66.733 0
81.686 66.733 0
83.94 66.733 0
83.94 66.733 0
86.224 66.733 0
88.478 66.748 0
90.872 64.909 -8
93.007 64.851 -8
95.143 64.821 -8
97.277 64.93 -8
99.374 65.335 -8
101.43 65.914 -8
103.45 66.599 -8
105.45 67.362 -8
107.42 68.194 -8
109.36 69.081 -8
110.72 67.43 -8
110.16 65.367 -8
109.58 63.31 -8
108.98 61.261 -8
108.33 59.224 -8
107.61 57.215 -8
106.75 55.258 -8
105.75 53.371 -8
104.69 51.515 -8
103.67 49.638 -8
102.77 47.701 -8
102.02 45.7 -8
101.38 43.665 -8
100.78 41.613 -8
100.21 39.553 -8
99.646 37.494 -8
99.052 35.442 -8
98.446 33.393 -8
97.935 31.319 -8
97.451 29.239 -8
96.894 27.176 -8
96.012 25.23 -8
94.039 24.411 -8
92.022 25.114 -8
90.076 25.996 -8
88.192 27.002 -8
86.402 28.169 -8
84.802 29.584 -8
83.373 31.171 -8
82.035 32.837 -8
80.711 34.513 -8
79.329 36.143 -8
77.825 37.66 -8
76.208 39.056 -8
74.536 40.386 -8
72.864 41.715 -8
71.247 43.111 -8
69.751 44.636 -8
68.383 46.277 -8
67.12 48 -8
65.947 49.785 -8
64.863 51.626 -8
63.87 53.517 -8
62.95 55.446 -8
62.092 57.402 -8
61.295 59.384 -8
60.564 61.391 -8
59.905 63.423 -8
59.332 65.481 -8
58.848 67.562 -8
58.43 69.657 -8
58.053 71.76 -8
57.7 73.867 -8
59.062 75.513 -8
60.771 74.231 -8
62.513 72.994 -8
64.306 71.833 -8
66.164 70.779 -8
68.053 69.782 -8
69.971 68.841 -8
71.926 67.979 -8
73.924 67.225 -8
75.969 66.606 -8
78.051 66.129 -8
80.15 65.728 -8
82.263 65.414 -8
84.39 65.216 -8
86.523 65.097 -8
86.523 65.097 -8
88.737 64.991 -8
91.578 65.856 -16
93.473 65.856 -16
95.369 65.856 -16
97.264 65.856 -16
99.159 65.897 -16
101.03 66.216 -16
102.85 66.73 -16
104.64 67.359 -16
106.4 68.068 -16
108.13 68.844 -16
108.41 66.97 -16
107.66 65.231 -16
106.9 63.495 -16
106.13 61.763 -16
105.33 60.041 -16
104.51 58.335 -16
103.67 56.634 -16
102.86 54.92 -16
102.12 53.179 -16
101.44 51.406 -16
100.83 49.613 -16
100.25 47.81 -16
99.662 46.007 -16
99.051 44.212 -16
98.404 42.431 -16
97.794 40.637 -16
97.252 38.82 -16
96.718 37.002 -16
96.157 35.191 -16
95.531 33.402 -16
94.756 31.673 -16
93.603 30.169 -16
91.769 29.691 -16
89.938 30.182 -16
88.205 30.95 -16
86.529 31.834 -16
84.941 32.869 -16
83.46 34.052 -16
82.072 35.343 -16
80.756 36.706 -16
79.488 38.115 -16
78.264 39.563 -16
77.103 41.061 -16
76.005 42.606 -16
74.955 44.183 -16
73.93 45.778 -16
72.916 47.379 -16
71.911 48.986 -16
70.924 50.604 -16
69.963 52.238 -16
69.039 53.893 -16
68.162 55.573 -16
67.335 57.278 -16
66.55 59.004 -16
65.796 60.743 -16
65.056 62.488 -16
64.314 64.232 -16
63.556 65.968 -16
62.776 67.696 -16
61.981 69.417 -16
61.177 71.133 -16
60.368 72.847 -16
60.933 74.656 -16
62.547 73.662 -16
64.182 72.704 -16
65.845 71.795 -16
67.55 70.967 -16
69.309 70.262 -16
71.104 69.653 -16
72.918 69.102 -16
74.745 68.598 -16
76.581 68.13 -16
78.425 67.69 -16
80.272 67.264 -16
82.112 66.809 -16
83.953 66.36 -16
85.815 66.007 -16
85.815 66.007 -16
87.787 65.856 -16
89.683 65.856 -16
91.4 67.752 -24
92.877 67.816 -24
94.355 67.881 -24
95.831 67.965 -24
97.304 68.095 -24
98.741 68.442 -24
100.11 68.998 -24
101.44 69.653 -24
102.73 70.372 -24
103.99 71.14 -24
105.23 71.954 -24
106.44 72.801 -24
107.63 73.68 -24
107.45 72.212 -24
107.2 70.756 -24
106.92 69.302 -24
106.63 67.854 -24
106.25 66.423 -24
105.79 65.019 -24
105.26 63.639 -24
104.68 62.277 -24
104.08 60.927 -24
103.47 59.58 -24
102.83 58.247 -24
102.16 56.93 -24
101.46 55.628 -24
100.74 54.34 -24
99.99 53.063 -24
99.242 51.788 -24
98.486 50.517 -24
97.693 49.269 -24
96.832 48.067 -24
95.876 46.939 -24
94.897 45.831 -24
93.861 44.776 -24
92.653 43.924 -24
91.197 43.668 -24
89.73 43.852 -24
88.287 44.178 -24
86.875 44.614 -24
85.494 45.142 -24
84.154 45.768 -24
82.9 46.551 -24
81.925 47.663 -24
81.13 48.909 -24
80.41 50.201 -24
79.67 51.481 -24
78.867 52.722 -24
78.054 53.957 -24
77.25 55.198 -24
76.467 56.452 -24
75.716 57.725 -24
75.017 59.029 -24
74.393 60.369 -24
73.806 61.726 -24
73.209 63.079 -24
72.555 64.405 -24
71.79 65.67 -24
70.898 66.849 -24
69.948 67.982 -24
68.967 69.088 -24
67.961 70.171 -24
66.96 71.26 -24
68.275 70.583 -24
69.607 69.942 -24
70.958 69.342 -24
72.331 68.792 -24
73.731 68.318 -24
75.18 68.022 -24
76.645 67.821 -24
78.113 67.644 -24
79.584 67.496 -24
81.058 67.38 -24
82.534 67.302 -24
84.012 67.269 -24
85.49 67.305 -24
86.965 67.415 -24
88.437 67.554 -24
89.911 67.672 -24
89.911 67.672 -24
91.302 71.219 -32
92.398 71.502 -32
92.398 71.502 -32
93.511 71.87 -32
94.571 72.265 -32
95.628 72.673 -32
96.689 73.067 -32
97.761 73.431 -32
98.837 73.783 -32
99.911 74.142 -32
100.98 74.528 -32
102.02 74.966 -32
103.04 75.464 -32
104.03 75.998 -32
105.02 76.555 -32
106 77.127 -32
106.97 77.712 -32
107.93 78.308 -32
108.04 77.182 -32
107.59 76.144 -32
107.13 75.111 -32
106.65 74.083 -32
106.16 73.062 -32
105.65 72.054 -32
105.09 71.066 -32
104.5 70.103 -32
103.87 69.161 -32
103.22 68.237 -32
102.54 67.33 -32
101.84 66.438 -32
101.13 65.561 -32
100.39 64.702 -32
99.63 63.861 -32
98.855 63.037 -32
98.066 62.225 -32
97.268 61.421 -32
96.483 60.605 -32
95.753 59.74 -32
94.999 58.896 -32
94.115 58.188 -32
93.022 57.892 -32
91.905 58.073 -32
90.821 58.401 -32
89.767 58.814 -32
88.736 59.283 -32
87.721 59.784 -32
86.764 60.389 -32
85.881 61.098 -32
85.044 61.859 -32
84.215 62.631 -32
83.36 63.373 -32
82.475 64.079 -32
81.575 64.766 -32
80.67 65.446 -32
79.766 66.128 -32
78.87 66.821 -32
77.985 67.526 -32
77.091 68.221 -32
76.198 68.917 -32
75.342 69.658 -32
74.588 70.503 -32
73.998 71.469 -32
73.528 72.499 -32
73.122 73.556 -32
73.932 74.347 -32
74.986 73.932 -32
76.042 73.525 -32
77.102 73.128 -32
78.166 72.739 -32
79.228 72.348 -32
80.282 71.934 -32
81.336 71.521 -32
82.401 71.136 -32
83.483 70.804 -32
84.588 70.556 -32
85.713 70.427 -32
86.845 70.439 -32
87.971 70.559 -32
89.087 70.748 -32
90.196 70.977 -32
90.841 71.874 -40
91.78 71.88 -40
92.719 71.889 -40
93.658 71.903 -40
93.658 71.903 -40
94.565 72.019 -40
95.464 72.289 -40
96.341 72.625 -40
97.219 72.957 -40
98.116 73.233 -40
99.02 73.49 -40
99.923 73.747 -40
100.82 74.019 -40
101.71 74.32 -40
102.58 74.666 -40
103.45 75.04 -40
104.3 75.427 -40
105.15 75.824 -40
106 76.23 -40
106.84 76.643 -40
106.58 75.741 -40
106.27 74.857 -40
105.95 73.972 -40
105.63 73.089 -40
105.31 72.206 -40
104.99 71.325 -40
104.67 70.443 -40
104.36 69.554 -40
104.05 68.67 -40
103.69 67.802 -40
103.24 66.977 -40
102.66 66.236 -40
102 65.576 -40
101.29 64.953 -40
100.59 64.325 -40
99.944 63.648 -40
99.364 62.909 -40
98.831 62.137 -40
98.313 61.353 -40
97.781 60.579 -40
97.209 59.835 -40
96.555 59.162 -40
95.759 58.664 -40
94.825 58.57 -40
93.916 58.805 -40
93.049 59.168 -40
92.211 59.591 -40
91.388 60.042 -40
90.566 60.496 -40
89.751 60.962 -40
88.968 61.481 -40
88.201 62.022 -40
87.427 62.554 -40
86.628 63.047 -40
85.792 63.474 -40
84.934 63.857 -40
84.075 64.235 -40
83.233 64.652 -40
82.433 65.142 -40
81.657 65.672 -40
80.895 66.219 -40
80.152 66.794 -40
79.438 67.404 -40
78.771 68.065 -40
78.194 68.805 -40
77.829 69.67 -40
78.158 70.549 -40
78.836 71.2 -40
79.645 71.675 -40
80.549 71.93 -40
81.479 72.059 -40
82.414 72.153 -40
83.35 72.219 -40
84.288 72.26 -40
85.227 72.274 -40
86.165 72.233 -40
87.099 72.135 -40
88.03 72.017 -40
88.964 71.917 -40
89.902 71.873 -40
90.887 75.413 -48
91.902 75.564 -48
92.908 75.762 -48
93.908 75.989 -48
94.907 76.225 -48
95.907 76.452 -48
96.912 76.656 -48
97.915 76.869 -48
98.915 77.095 -48
99.916 77.319 -48
100.92 77.523 -48
101.93 77.688 -48
102.95 77.794 -48
103.98 77.831 -48
104.27 76.846 -48
103.71 75.987 -48
103.16 75.119 -48
102.63 74.241 -48
102.12 73.349 -48
101.66 72.436 -48
101.25 71.494 -48
100.91 70.526 -48
100.61 69.546 -48
100.33 68.559 -48
100.05 67.574 -48
99.742 66.594 -48
99.393 65.63 -48
98.983 64.69 -48
98.514 63.778 -48
97.991 62.896 -48
97.395 62.061 -48
96.703 61.304 -48
95.924 60.637 -48
95.097 60.031 -48
94.196 59.541 -48
93.208 59.266 -48
92.188 59.379 -48
91.232 59.748 -48
90.334 60.245 -48
89.473 60.802 -48
88.62 61.372 -48
87.764 61.936 -48
86.931 62.534 -48
86.126 63.17 -48
85.341 63.829 -48
84.566 64.501 -48
83.792 65.174 -48
83.018 65.847 -48
82.25 66.527 -48
81.491 67.216 -48
80.741 67.916 -48
80.004 68.629 -48
79.275 69.351 -48
78.552 70.078 -48
77.836 70.812 -48
77.133 71.559 -48
76.449 72.324 -48
75.794 73.112 -48
75.179 73.933 -48
74.607 74.785 -48
74.066 75.656 -48
73.545 76.539 -48
73.735 77.547 -48
74.716 77.246 -48
75.699 76.954 -48
76.686 76.675 -48
77.678 76.414 -48
78.675 76.177 -48
79.678 75.96 -48
80.68 75.741 -48
81.684 75.531 -48
82.691 75.341 -48
83.705 75.183 -48
84.724 75.07 -48
85.748 75.016 -48
86.774 75.025 -48
87.798 75.084 -48
88.819 75.176 -48
89.839 75.289 -48
89.839 75.289 -48
90.238 82.585 -56
91.205 82.585 -56
92.129 82.585 -56
93.047 82.686 -56
93.933 82.943 -56
94.786 83.298 -56
95.618 83.699 -56
96.449 84.102 -56
97.297 84.468 -56
98.17 84.768 -56
99.056 85.029 -56
99.939 85.297 -56
100.8 85.626 -56
101.59 86.107 -56
102.29 86.707 -56
102.93 87.37 -56
103.1 86.461 -56
102.79 85.59 -56
102.47 84.723 -56
102.14 83.861 -56
101.79 83.005 -56
101.42 82.158 -56
101.02 81.33 -56
100.55 80.534 -56
100.01 79.785 -56
99.423 79.071 -56
98.833 78.36 -56
98.28 77.62 -56
97.797 76.833 -56
97.384 76.007 -56
97.005 75.165 -56
96.607 74.332 -56
96.144 73.533 -56
95.585 72.798 -56
94.905 72.173 -56
94.084 71.75 -56
93.187 71.53 -56
92.275 71.385 -56
91.358 71.278 -56
90.437 71.211 -56
89.514 71.231 -56
88.627 71.489 -56
87.884 72.038 -56
87.245 72.704 -56
86.616 73.38 -56
85.924 73.991 -56
85.155 74.503 -56
84.352 74.958 -56
83.539 75.396 -56
82.733 75.847 -56
81.943 76.325 -56
81.163 76.819 -56
80.39 77.326 -56
79.632 77.853 -56
78.897 78.412 -56
78.199 79.017 -56
77.554 79.678 -56
76.967 80.39 -56
76.417 81.132 -56
75.891 81.891 -56
75.382 82.662 -56
74.89 83.443 -56
74.775 84.359 -56
75.654 84.077 -56
76.53 83.784 -56
77.411 83.508 -56
78.299 83.254 -56
79.194 83.026 -56
80.096 82.83 -56
81.008 82.68 -56
81.927 82.597 -56
82.851 82.585 -56
83.774 82.585 -56
84.698 82.585 -56
85.621 82.585 -56
86.545 82.585 -56
87.468 82.585 -56
88.392 82.585 -56
89.315 82.585 -56
90.238 82.585 -56
