193.72 214.26 0
195.91 213.33 0
197.97 212.27 0
199.84 211.19 0
201.61 209.93 0
203.34 208.38 0
204.96 206.62 0
206.4 204.73 0
207.6 202.82 0
208.58 200.91 0
209.5 198.93 0
210.35 196.87 0
211.11 194.72 0
211.75 192.49 0
212.24 190.18 0
212.57 187.8 0
212.57 187.8 0
212.45 185.32 0
212.12 182.99 0
211.64 180.8 0
211.05 178.78 0
210.19 176.93 0
208.7 175.25 0
206.87 173.66 0
205.09 172.1 0
203.45 170.54 0
201.78 169.01 0
200.08 167.5 0
198.34 166.04 0
196.58 164.61 0
194.79 163.15 0
192.98 161.45 0
191.12 160.01 0
189.16 159.38 0
187.03 159.4 0
184.73 159.44 0
182.33 159.52 0
179.9 159.64 0
177.52 159.78 0
175.27 159.96 0
173.21 160.17 0
171.38 160.69 0
169.65 162.09 0
168.05 164 0
166.58 166.05 0
165.27 167.89 0
164.11 169.8 0
163.05 171.81 0
162.04 173.87 0
161.02 175.93 0
159.93 177.94 0
158.59 179.85 0
156.97 181.7 0
155.65 183.58 0
155.22 185.58 0
155.25 187.78 0
155.33 190.09 0
155.44 192.42 0
155.59 194.67 0
156.07 196.91 0
156.9 199.12 0
157.91 201.16 0
159.04 202.92 0
160.51 204.54 0
162.24 206.04 0
164.14 207.46 0
166.09 208.83 0
167.97 210.16 0
169.8 211.64 0
171.67 213.18 0
173.6 214.39 0
175.63 214.88 0
177.79 215.04 0
180.06 215.16 0
182.38 215.26 0
184.72 215.32 0
187.02 215.36 0
187.02 215.36 0
189.24 215.33 0
191.48 214.96 0
195.24 217.4 -8.64
197.47 216.61 -8.64
199.67 215.72 -8.64
201.73 214.71 -8.64
203.58 213.52 -8.64
205.29 212 -8.64
206.86 210.21 -8.64
208.26 208.3 -8.64
209.45 206.38 -8.64
210.57 204.35 -8.64
211.59 202.23 -8.64
212.48 200.05 -8.64
213.18 197.85 -8.64
213.71 195.62 -8.64
214.21 193.28 -8.64
214.61 190.94 -8.64
214.86 188.66 -8.64
214.85 186.54 -8.64
214.19 184.51 -8.64
212.97 182.53 -8.64
211.38 180.63 -8.64
209.64 178.79 -8.64
207.95 177.01 -8.64
206.42 175.31 -8.64
204.81 173.65 -8.64
203.11 172.05 -8.64
201.34 170.53 -8.64
199.52 169.09 -8.64
197.68 167.69 -8.64
195.77 166.12 -8.64
193.81 164.61 -8.64
191.79 163.42 -8.64
189.7 162.82 -8.64
187.52 162.8 -8.64
185.19 162.81 -8.64
182.79 162.84 -8.64
180.38 162.89 -8.64
178.05 162.95 -8.64
175.87 163.02 -8.64
173.85 163.51 -8.64
171.9 164.73 -8.64
170.03 166.38 -8.64
168.24 168.14 -8.64
166.53 169.75 -8.64
164.8 171.33 -8.64
163.1 173 -8.64
161.51 174.75 -8.64
160.1 176.58 -8.64
158.98 178.49 -8.64
157.97 180.52 -8.64
156.98 182.68 -8.64
156.11 184.92 -8.64
155.45 187.2 -8.64
155.08 189.47 -8.64
155.08 191.72 -8.64
155.37 194.05 -8.64
155.89 196.41 -8.64
156.55 198.69 -8.64
157.31 200.8 -8.64
158.24 202.7 -8.64
159.68 204.43 -8.64
161.42 206.06 -8.64
163.26 207.67 -8.64
164.98 209.32 -8.64
166.51 211.19 -8.64
167.99 213.28 -8.64
169.48 215.32 -8.64
171.04 217.06 -8.64
172.73 218.24 -8.64
174.61 218.73 -8.64
176.66 219.11 -8.64
178.87 219.42 -8.64
181.22 219.66 -8.64
183.71 219.81 -8.64
186.32 219.86 -8.64
186.32 219.86 -8.64
188.59 219.36 -8.64
188.59 219.36 -8.64
190.83 218.78 -8.64
193.04 218.12 -8.64
195.22 218.54 -17.28
197.17 217.11 -17.28
199.13 215.73 -17.28
201.22 214.62 -17.28
203.38 213.54 -17.28
205.37 212.37 -17.28
206.97 211.01 -17.28
208.24 209.3 -17.28
209.35 207.29 -17.28
210.33 205.1 -17.28
211.23 202.86 -17.28
212.08 200.69 -17.28
213 198.53 -17.28
213.93 196.32 -17.28
214.73 194.1 -17.28
215.25 191.9 -17.28
215.34 189.77 -17.28
214.87 187.64 -17.28
213.94 185.51 -17.28
212.7 183.42 -17.28
211.28 181.4 -17.28
209.85 179.51 -17.28
208.48 177.75 -17.28
206.94 176.04 -17.28
205.23 174.4 -17.28
203.42 172.9 -17.28
201.54 171.59 -17.28
199.6 170.48 -17.28
197.53 169.47 -17.28
195.36 168.59 -17.28
193.17 167.85 -17.28
190.97 167.24 -17.28
188.72 166.65 -17.28
186.44 166.09 -17.28
184.14 165.61 -17.28
181.86 165.25 -17.28
179.62 165.06 -17.28
177.42 165.1 -17.28
175.2 165.52 -17.28
172.98 166.26 -17.28
170.78 167.25 -17.28
168.65 168.4 -17.28
166.62 169.65 -17.28
164.72 170.92 -17.28
162.93 172.21 -17.28
161.15 173.78 -17.28
159.5 175.55 -17.28
158.15 177.43 -17.28
157.21 179.37 -17.28
156.38 181.46 -17.28
155.64 183.69 -17.28
155.03 186 -17.28
154.62 188.32 -17.28
154.48 190.6 -17.28
154.61 192.89 -17.28
154.94 195.22 -17.28
155.43 197.52 -17.28
156 199.74 -17.28
156.65 201.82 -17.28
157.6 203.84 -17.28
158.86 205.8 -17.28
160.32 207.69 -17.28
161.89 209.49 -17.28
163.49 211.18 -17.28
165.09 212.81 -17.28
166.83 214.44 -17.28
168.69 215.9 -17.28
170.64 216.98 -17.28
172.67 217.7 -17.28
174.78 218.37 -17.28
176.97 218.95 -17.28
179.26 219.41 -17.28
181.63 219.71 -17.28
184.1 219.82 -17.28
184.1 219.82 -17.28
186.51 219.81 -17.28
188.83 219.77 -17.28
188.83 219.77 -17.28
191.07 219.7 -17.28
193.2 219.51 -17.28
195.08 219.82 -25.92
197.11 219.68 -25.92
199.07 218.98 -25.92
200.97 217.8 -25.92
202.81 216.26 -25.92
204.58 214.49 -25.92
206.29 212.61 -25.92
207.92 210.75 -25.92
209.49 209.03 -25.92
211.17 207.38 -25.92
212.98 205.63 -25.92
214.62 203.79 -25.92
215.84 201.88 -25.92
216.33 199.89 -25.92
216.24 197.77 -25.92
215.98 195.49 -25.92
215.6 193.14 -25.92
215.12 190.84 -25.92
214.61 188.67 -25.92
213.87 186.57 -25.92
212.86 184.51 -25.92
211.64 182.5 -25.92
210.29 180.56 -25.92
208.89 178.73 -25.92
207.48 177.01 -25.92
205.93 175.36 -25.92
204.24 173.78 -25.92
202.44 172.3 -25.92
200.59 170.96 -25.92
198.7 169.73 -25.92
196.73 168.43 -25.92
194.68 167.2 -25.92
192.57 166.22 -25.92
190.42 165.67 -25.92
188.24 165.59 -25.92
185.98 165.55 -25.92
183.66 165.52 -25.92
181.33 165.5 -25.92
179.03 165.48 -25.92
176.79 165.48 -25.92
174.57 165.68 -25.92
172.34 166.35 -25.92
170.15 167.34 -25.92
168.1 168.51 -25.92
166.25 169.72 -25.92
164.52 171.07 -25.92
162.84 172.73 -25.92
161.31 174.6 -25.92
160.04 176.57 -25.92
159.15 178.55 -25.92
158.41 180.63 -25.92
157.74 182.83 -25.92
157.16 185.11 -25.92
156.73 187.42 -25.92
156.47 189.71 -25.92
156.46 191.94 -25.92
156.79 194.19 -25.92
157.39 196.44 -25.92
158.18 198.65 -25.92
159.04 200.77 -25.92
159.94 202.78 -25.92
161.1 204.76 -25.92
162.46 206.67 -25.92
163.96 208.47 -25.92
165.54 210.1 -25.92
167.17 211.58 -25.92
168.94 213.04 -25.92
170.85 214.43 -25.92
172.85 215.68 -25.92
174.9 216.74 -25.92
176.98 217.54 -25.92
179.1 218.14 -25.92
181.3 218.67 -25.92
183.57 219.07 -25.92
185.91 219.29 -25.92
185.91 219.29 -25.92
188.33 219.58 -25.92
188.33 219.58 -25.92
190.68 219.74 -25.92
192.94 219.81 -25.92
195.3 218.05 -34.56
197.43 217.54 -34.56
199.54 216.77 -34.56
201.51 215.83 -34.56
203.25 214.74 -34.56
204.89 213.34 -34.56
206.43 211.7 -34.56
207.85 209.94 -34.56
209.17 208.17 -34.56
210.51 206.41 -34.56
211.92 204.56 -34.56
213.17 202.64 -34.56
213.97 200.66 -34.56
214.12 198.63 -34.56
214.02 196.49 -34.56
213.81 194.27 -34.56
213.54 192.05 -34.56
213.21 189.89 -34.56
212.76 187.8 -34.56
212.02 185.7 -34.56
211.06 183.66 -34.56
209.95 181.75 -34.56
208.78 180.03 -34.56
207.32 178.5 -34.56
205.63 177.08 -34.56
203.85 175.71 -34.56
202.1 174.33 -34.56
200.47 172.78 -34.56
198.85 171.06 -34.56
197.22 169.44 -34.56
195.51 168.17 -34.56
193.69 167.49 -34.56
191.78 167.13 -34.56
189.79 166.8 -34.56
187.73 166.51 -34.56
185.59 166.27 -34.56
183.38 166.08 -34.56
181.1 165.94 -34.56
178.74 165.86 -34.56
176.3 165.83 -34.56
176.3 165.83 -34.56
173.78 166.33 -34.56
171.41 167.05 -34.56
169.24 167.93 -34.56
167.32 168.97 -34.56
165.7 170.11 -34.56
164.45 171.34 -34.56
163.4 172.82 -34.56
162.39 174.64 -34.56
161.46 176.72 -34.56
160.67 178.97 -34.56
160.05 181.29 -34.56
159.65 183.6 -34.56
159.52 185.79 -34.56
159.57 187.95 -34.56
159.72 190.16 -34.56
159.94 192.37 -34.56
160.22 194.53 -34.56
160.58 196.59 -34.56
161.32 198.59 -34.56
162.36 200.54 -34.56
163.52 202.46 -34.56
164.65 204.39 -34.56
165.64 206.38 -34.56
166.56 208.48 -34.56
167.54 210.51 -34.56
168.67 212.25 -34.56
170.09 213.6 -34.56
171.91 214.77 -34.56
173.95 215.8 -34.56
176.06 216.67 -34.56
178.1 217.44 -34.56
180.18 218.21 -34.56
182.31 218.81 -34.56
184.45 219.07 -34.56
186.6 219.02 -34.56
188.79 218.88 -34.56
188.79 218.88 -34.56
190.99 218.65 -34.56
193.17 218.37 -34.56
195.18 218.4 -43.2
197.06 217.36 -43.2
198.9 216.21 -43.2
200.7 215.17 -43.2
202.55 214.11 -43.2
204.39 212.99 -43.2
206.11 211.76 -43.2
207.62 210.43 -43.2
208.84 208.95 -43.2
209.97 207.22 -43.2
210.97 205.32 -43.2
211.77 203.34 -43.2
212.3 201.37 -43.2
212.73 199.35 -43.2
213.11 197.26 -43.2
213.4 195.17 -43.2
213.55 193.13 -43.2
213.47 191.18 -43.2
212.89 189.28 -43.2
211.92 187.42 -43.2
210.71 185.59 -43.2
209.42 183.82 -43.2
208.22 182.09 -43.2
207.06 180.38 -43.2
205.81 178.7 -43.2
204.48 177.08 -43.2
203.08 175.56 -43.2
201.6 174.17 -43.2
200.01 172.8 -43.2
198.31 171.51 -43.2
196.54 170.4 -43.2
194.71 169.58 -43.2
192.8 168.9 -43.2
190.8 168.27 -43.2
188.75 167.75 -43.2
186.68 167.39 -43.2
184.63 167.26 -43.2
182.59 167.31 -43.2
180.54 167.48 -43.2
178.48 167.8 -43.2
176.42 168.28 -43.2
176.42 168.28 -43.2
174.24 168.95 -43.2
172.2 169.79 -43.2
170.32 170.78 -43.2
168.63 171.9 -43.2
167.15 173.12 -43.2
165.83 174.46 -43.2
164.48 176.1 -43.2
163.22 177.94 -43.2
162.22 179.91 -43.2
161.62 181.91 -43.2
161.52 183.87 -43.2
161.52 185.92 -43.2
161.52 188.03 -43.2
161.52 190.15 -43.2
161.52 192.24 -43.2
161.54 194.24 -43.2
161.97 196.18 -43.2
162.83 198.08 -43.2
163.94 199.95 -43.2
165.12 201.76 -43.2
166.2 203.52 -43.2
167.33 205.26 -43.2
168.55 206.96 -43.2
169.86 208.6 -43.2
171.22 210.15 -43.2
172.65 211.6 -43.2
174.17 213.1 -43.2
175.78 214.56 -43.2
177.47 215.87 -43.2
179.22 216.91 -43.2
181.03 217.56 -43.2
182.98 218.08 -43.2
185.04 218.53 -43.2
187.16 218.91 -43.2
189.26 219.17 -43.2
189.26 219.17 -43.2
191.31 219.29 -43.2
193.26 219.12 -43.2
194.87 218.09 -51.84
196.68 217.78 -51.84
198.4 217.28 -51.84
200.1 216.43 -51.84
201.74 215.31 -51.84
203.31 214.04 -51.84
204.78 212.71 -51.84
206.13 211.41 -51.84
207.48 210.02 -51.84
208.78 208.5 -51.84
209.89 206.89 -51.84
210.69 205.23 -51.84
211.24 203.49 -51.84
211.76 201.63 -51.84
212.21 199.7 -51.84
212.58 197.75 -51.84
212.84 195.82 -51.84
212.96 193.97 -51.84
212.87 192.2 -51.84
212.41 190.44 -51.84
211.64 188.7 -51.84
210.63 186.99 -51.84
209.46 185.31 -51.84
208.18 183.69 -51.84
206.88 182.14 -51.84
205.62 180.67 -51.84
204.4 179.25 -51.84
203.04 177.8 -51.84
201.56 176.47 -51.84
200 175.39 -51.84
198.36 174.66 -51.84
196.59 174.08 -51.84
194.7 173.6 -51.84
192.78 173.21 -51.84
190.87 172.89 -51.84
188.99 172.59 -51.84
187.09 172.32 -51.84
185.19 172.12 -51.84
183.28 172.03 -51.84
181.38 172.05 -51.84
179.48 172.11 -51.84
177.58 172.24 -51.84
175.67 172.43 -51.84
173.76 172.72 -51.84
173.76 172.72 -51.84
172.13 174.04 -51.84
170.61 175.44 -51.84
169.25 176.91 -51.84
168.1 178.45 -51.84
167.2 180.04 -51.84
166.6 181.68 -51.84
166.2 183.43 -51.84
165.85 185.29 -51.84
165.55 187.23 -51.84
165.33 189.19 -51.84
165.22 191.13 -51.84
165.24 193.01 -51.84
165.5 194.9 -51.84
165.96 196.78 -51.84
166.56 198.64 -51.84
167.24 200.46 -51.84
167.94 202.23 -51.84
168.65 203.98 -51.84
169.46 205.79 -51.84
170.39 207.61 -51.84
171.41 209.39 -51.84
172.53 211.05 -51.84
173.72 212.55 -51.84
174.97 213.82 -51.84
176.31 214.83 -51.84
177.84 215.78 -51.84
179.57 216.7 -51.84
181.42 217.52 -51.84
183.35 218.18 -51.84
185.28 218.62 -51.84
187.17 218.77 -51.84
189.06 218.72 -51.84
191.01 218.58 -51.84
191.01 218.58 -51.84
192.96 218.37 -51.84
193.92 214.89 -60.48
195.65 214.79 -60.48
197.38 214.64 -60.48
199.05 214.47 -60.48
200.63 214.25 -60.48
202.1 213.97 -60.48
203.58 213.3 -60.48
205.03 212.26 -60.48
206.37 211 -60.48
207.51 209.63 -60.48
208.37 208.29 -60.48
209.05 206.92 -60.48
209.7 205.41 -60.48
210.29 203.79 -60.48
210.79 202.11 -60.48
211.17 200.4 -60.48
211.39 198.71 -60.48
211.44 197.08 -60.48
211.29 195.43 -60.48
210.98 193.76 -60.48
210.54 192.08 -60.48
210.01 190.45 -60.48
209.42 188.89 -60.48
208.82 187.44 -60.48
208.06 186.06 -60.48
207.09 184.72 -60.48
205.95 183.44 -60.48
204.72 182.21 -60.48
203.43 181.05 -60.48
202.16 179.95 -60.48
200.89 178.86 -60.48
199.57 177.7 -60.48
198.18 176.58 -60.48
196.75 175.66 -60.48
195.27 175.05 -60.48
193.76 174.84 -60.48
192.2 174.71 -60.48
190.59 174.6 -60.48
188.94 174.51 -60.48
187.24 174.45 -60.48
185.5 174.41 -60.48
183.71 174.39 -60.48
183.71 174.39 -60.48
181.93 174.64 -60.48
180.23 175.06 -60.48
178.66 175.61 -60.48
177.21 176.26 -60.48
175.9 176.99 -60.48
174.56 177.99 -60.48
173.25 179.23 -60.48
172.07 180.63 -60.48
171.11 182.11 -60.48
170.49 183.61 -60.48
170.2 185.1 -60.48
169.97 186.71 -60.48
169.78 188.41 -60.48
169.63 190.14 -60.48
169.54 191.85 -60.48
169.5 193.49 -60.48
169.67 195.07 -60.48
170.15 196.64 -60.48
170.87 198.19 -60.48
171.74 199.71 -60.48
172.68 201.18 -60.48
173.61 202.61 -60.48
174.49 203.99 -60.48
175.43 205.41 -60.48
176.46 206.82 -60.48
177.55 208.17 -60.48
178.71 209.42 -60.48
179.93 210.51 -60.48
181.2 211.41 -60.48
182.57 212.21 -60.48
184.06 213 -60.48
185.65 213.73 -60.48
187.28 214.34 -60.48
188.94 214.77 -60.48
190.57 214.96 -60.48
192.21 214.95 -60.48
192.21 214.95 -60.48
192.5 211.69 -69.12
193.74 211.57 -69.12
195.03 211.33 -69.12
196.34 210.98 -69.12
197.61 210.57 -69.12
198.82 210.09 -69.12
199.93 209.59 -69.12
200.92 209.05 -69.12
201.96 208.32 -69.12
202.99 207.41 -69.12
203.95 206.37 -69.12
204.77 205.25 -69.12
205.35 204.1 -69.12
205.63 202.97 -69.12
205.72 201.82 -69.12
205.8 200.58 -69.12
205.86 199.29 -69.12
205.91 197.97 -69.12
205.95 196.66 -69.12
205.97 195.37 -69.12
205.96 194.13 -69.12
205.8 192.87 -69.12
205.48 191.58 -69.12
205.04 190.3 -69.12
204.5 189.06 -69.12
203.9 187.9 -69.12
203.27 186.84 -69.12
202.64 185.91 -69.12
201.94 185.06 -69.12
201.14 184.23 -69.12
200.22 183.45 -69.12
199.21 182.7 -69.12
198.11 182.01 -69.12
196.93 181.37 -69.12
195.67 180.79 -69.12
194.35 180.28 -69.12
192.96 179.85 -69.12
192.96 179.85 -69.12
191.55 179.79 -69.12
190.18 179.74 -69.12
188.87 179.71 -69.12
187.6 179.69 -69.12
186.38 179.68 -69.12
185.22 179.68 -69.12
184.12 179.68 -69.12
183.04 179.93 -69.12
181.96 180.51 -69.12
180.9 181.37 -69.12
179.91 182.4 -69.12
179.01 183.53 -69.12
178.23 184.68 -69.12
177.6 185.76 -69.12
177.06 186.81 -69.12
176.53 187.95 -69.12
176.03 189.17 -69.12
175.6 190.42 -69.12
175.26 191.7 -69.12
175.05 192.96 -69.12
174.98 194.2 -69.12
175.07 195.46 -69.12
175.27 196.75 -69.12
175.56 198.06 -69.12
175.93 199.33 -69.12
176.36 200.54 -69.12
176.82 201.65 -69.12
177.34 202.64 -69.12
178.09 203.56 -69.12
179.03 204.43 -69.12
180.1 205.24 -69.12
181.22 206.01 -69.12
182.33 206.73 -69.12
183.38 207.42 -69.12
184.45 208.16 -69.12
185.55 208.92 -69.12
186.68 209.67 -69.12
187.82 210.35 -69.12
188.98 210.93 -69.12
190.15 211.38 -69.12
191.32 211.64 -69.12
192.5 211.69 -69.12
