222.56 183.63 0
224.81 180.09 0
228.45 178.84 0
232.04 177.56 0
234.55 174.92 0
236.54 171.43 0
237.88 167.98 0
238.89 164.3 0
239.85 160.57 0
241.08 156.97 0
242.81 153.48 0
244.39 149.98 0
245.13 146.39 0
245.36 142.63 0
245.52 138.78 0
245.6 134.97 0
245.38 131.24 0
244.14 127.49 0
242.4 124.12 0
240.15 121.31 0
237.09 118.84 0
233.9 116.65 0
230.66 114.67 0
227.25 112.94 0
223.76 111.49 0
220.15 110.13 0
216.46 109.28 0
212.73 109.02 0
208.93 108.84 0
205.11 108.73 0
201.32 108.72 0
197.55 109.12 0
193.79 109.7 0
189.93 110.17 0
185.96 110.61 0
182.01 111.09 0
178.25 111.69 0
174.82 112.47 0
171.86 113.84 0
169.28 116.55 0
166.83 119.87 0
164.29 122.92 0
161.64 125.66 0
158.91 128.3 0
155.95 130.65 0
152.68 132.69 0
149.51 134.79 0
146.79 137.36 0
144.37 140.44 0
143.02 143.85 0
142.1 147.72 0
141.7 151.39 0
142.56 154.9 0
144.87 158.49 0
147.99 161.54 0
151.26 163.45 0
154.49 164.17 0
158.25 164.67 0
162.41 164.86 0
162.41 164.86 0
165.42 162.33 0
168.65 160.55 0
172.14 159.47 0
175.84 158.53 0
179.66 157.79 0
183.51 157.31 0
187.31 157.16 0
191.13 157.45 0
194.86 158.1 0
198.28 159.38 0
201.52 161.52 0
201.52 161.52 0
204.75 163.65 0
208.15 165.55 0
211.15 167.72 0
213.38 170.65 0
215.29 174.06 0
217.15 177.72 0
218.89 182.07 0
220.66 184.98 0
225.69 185.35 -8.64
228.08 182.29 -8.64
230.31 178.61 -8.64
232.29 175.27 -8.64
234.04 172.14 -8.64
235.62 168.87 -8.64
237.07 165.55 -8.64
238.4 162.21 -8.64
239.62 158.81 -8.64
240.72 155.38 -8.64
241.7 151.91 -8.64
242.64 148.43 -8.64
243.71 144.97 -8.64
245.02 141.52 -8.64
245.55 138.05 -8.64
245.11 134.34 -8.64
244.2 130.73 -8.64
242.96 127.75 -8.64
240.62 125.19 -8.64
237.49 122.92 -8.64
234.24 120.88 -8.64
231.19 119.01 -8.64
227.97 117.3 -8.64
224.65 115.85 -8.64
221.26 114.71 -8.64
217.77 113.73 -8.64
214.23 112.99 -8.64
210.67 112.47 -8.64
207.08 112.04 -8.64
203.48 111.84 -8.64
199.87 111.88 -8.64
196.24 112.03 -8.64
192.65 112.26 -8.64
189.16 112.73 -8.64
185.75 113.88 -8.64
182.36 115.3 -8.64
178.95 116.57 -8.64
175.31 117.5 -8.64
171.66 118.39 -8.64
168.44 119.56 -8.64
165.96 121.62 -8.64
163.9 124.76 -8.64
161.76 127.85 -8.64
159.24 130.44 -8.64
156.66 132.98 -8.64
154.23 135.69 -8.64
151.7 138.53 -8.64
149.9 141.55 -8.64
149.22 144.91 -8.64
148.79 148.59 -8.64
148.67 152.21 -8.64
149.42 156.23 -8.64
150.93 159.59 -8.64
152.99 161.04 -8.64
156.41 161.97 -8.64
160.81 162.34 -8.64
160.81 162.34 -8.64
163.8 159.94 -8.64
166.92 157.94 -8.64
170.16 156.61 -8.64
173.55 156.05 -8.64
177.14 155.66 -8.64
180.81 155.41 -8.64
184.43 155.32 -8.64
188.04 155.61 -8.64
191.64 156.32 -8.64
195.13 157.27 -8.64
198.42 158.44 -8.64
201.56 160.28 -8.64
204.55 162.41 -8.64
204.55 162.41 -8.64
207.64 164.53 -8.64
210.9 166.79 -8.64
213.49 169.29 -8.64
214.65 172.21 -8.64
215.06 175.96 -8.64
215.61 179.49 -8.64
217.47 182.81 -8.64
220.46 185.75 -8.64
223.26 186.8 -8.64
225.65 183.27 -17.28
227.93 180.3 -17.28
229.71 177.44 -17.28
231.25 174.38 -17.28
232.53 171.28 -17.28
233.6 168.09 -17.28
234.53 164.84 -17.28
235.4 161.55 -17.28
236.31 158.27 -17.28
237.34 155.05 -17.28
238.72 151.93 -17.28
240.52 148.88 -17.28
241.81 145.8 -17.28
241.8 142.57 -17.28
241.03 139.22 -17.28
240.05 136 -17.28
238.69 132.9 -17.28
237.05 129.9 -17.28
235.34 126.95 -17.28
233.58 123.73 -17.28
231.66 120.62 -17.28
229.5 118.21 -17.28
226.96 116.91 -17.28
223.79 115.93 -17.28
220.27 115.2 -17.28
216.76 114.88 -17.28
213.39 114.88 -17.28
210 114.88 -17.28
206.62 114.88 -17.28
203.28 115.23 -17.28
199.97 116.02 -17.28
196.68 116.81 -17.28
193.43 117.75 -17.28
190.2 118.78 -17.28
186.96 119.75 -17.28
183.69 120.54 -17.28
180.25 121.03 -17.28
176.8 121.45 -17.28
173.7 122.11 -17.28
171.15 124.1 -17.28
168.74 126.75 -17.28
165.9 128.6 -17.28
162.76 130.15 -17.28
159.76 131.77 -17.28
157.32 133.8 -17.28
155.31 136.53 -17.28
153.66 139.59 -17.28
152.24 142.69 -17.28
151.1 145.94 -17.28
150.97 149.22 -17.28
151.68 152.58 -17.28
152.76 155.82 -17.28
154.19 159.25 -17.28
156.25 162.36 -17.28
158.69 162.86 -17.28
161.78 161.86 -17.28
165.21 160.41 -17.28
168.52 159.15 -17.28
171.72 157.85 -17.28
174.92 156.51 -17.28
178.14 155.43 -17.28
181.39 154.94 -17.28
184.71 155.2 -17.28
188.07 155.92 -17.28
191.32 156.81 -17.28
194.44 158.09 -17.28
197.46 159.69 -17.28
200.35 161.39 -17.28
203.15 163.29 -17.28
203.15 163.29 -17.28
205.84 165.38 -17.28
205.84 165.38 -17.28
208.45 167.54 -17.28
210.98 169.78 -17.28
213.42 172.11 -17.28
215.85 174.49 -17.28
218.22 176.96 -17.28
220.23 179.61 -17.28
221.67 183.36 -17.28
223.2 185.36 -17.28
224.93 184.4 -25.92
226.53 185.17 -25.92
227.74 183.04 -25.92
228.81 179.57 -25.92
229.92 175.81 -25.92
231.27 172.75 -25.92
233.03 170.17 -25.92
234.83 167.61 -25.92
236.23 164.89 -25.92
237.41 162.02 -25.92
238.48 159.09 -25.92
239.51 156.13 -25.92
240.61 153.19 -25.92
241.87 150.24 -25.92
242.85 147.27 -25.92
243.1 144.31 -25.92
242.52 141.18 -25.92
241.41 138.08 -25.92
240.05 135.31 -25.92
238.54 132.93 -25.92
236.52 130.48 -25.92
234.09 128.08 -25.92
231.35 125.94 -25.92
228.45 124.23 -25.92
225.5 123.13 -25.92
222.63 122.83 -25.92
219.6 123.06 -25.92
216.43 123.42 -25.92
213.29 123.67 -25.92
210.17 123.82 -25.92
207.04 123.94 -25.92
203.93 124.08 -25.92
200.88 124.28 -25.92
197.88 124.75 -25.92
194.92 125.59 -25.92
191.99 126.69 -25.92
189.09 127.95 -25.92
186.2 129.26 -25.92
183.31 130.51 -25.92
180.44 131.7 -25.92
177.59 132.95 -25.92
174.75 134.21 -25.92
171.88 135.45 -25.92
169.05 136.74 -25.92
166.33 138.2 -25.92
163.47 139.83 -25.92
161.12 141.76 -25.92
159.64 144.19 -25.92
158.36 147.14 -25.92
157.5 150.32 -25.92
157.28 153.46 -25.92
157.45 156.94 -25.92
157.8 159.6 -25.92
159.61 161.24 -25.92
163.06 162.53 -25.92
166.55 163.14 -25.92
169.2 162.41 -25.92
171.67 160.26 -25.92
174.18 157.96 -25.92
176.92 156.67 -25.92
179.94 155.83 -25.92
183.06 155.33 -25.92
186.16 155.35 -25.92
189.31 155.67 -25.92
192.39 156.2 -25.92
195.23 157.01 -25.92
197.86 158.7 -25.92
200.47 160.58 -25.92
203.13 162.19 -25.92
205.79 163.79 -25.92
208.46 165.38 -25.92
208.46 165.38 -25.92
208.46 165.38 -25.92
210.78 167.46 -25.92
213.02 169.62 -25.92
215.18 171.85 -25.92
217.25 174.15 -25.92
219.23 176.55 -25.92
221.15 179 -25.92
223.03 181.48 -25.92
223.51 185.77 -34.56
224.92 185.9 -34.56
225.6 183.1 -34.56
226.21 179.46 -34.56
227.22 176.66 -34.56
228.71 174.2 -34.56
230.41 171.8 -34.56
232.02 169.36 -34.56
233.44 166.84 -34.56
234.81 164.27 -34.56
235.99 161.64 -34.56
236.98 158.92 -34.56
237.93 156.1 -34.56
238.61 153.27 -34.56
238.75 150.5 -34.56
238.13 147.73 -34.56
236.95 144.97 -34.56
235.46 142.33 -34.56
233.94 139.9 -34.56
232.26 137.52 -34.56
230.26 135.22 -34.56
228.03 133.26 -34.56
225.68 131.9 -34.56
223.04 130.87 -34.56
220.17 130.05 -34.56
217.25 129.57 -34.56
214.37 129.43 -34.56
211.42 129.32 -34.56
208.47 129.24 -34.56
205.61 129.2 -34.56
202.93 129.36 -34.56
200.45 130.77 -34.56
198.06 132.92 -34.56
195.66 134.96 -34.56
193.13 136.03 -34.56
190.4 136.05 -34.56
187.51 136.05 -34.56
184.54 136.05 -34.56
181.57 136.04 -34.56
178.71 136.04 -34.56
175.93 136.38 -34.56
173.18 137.43 -34.56
170.52 138.86 -34.56
168.03 140.35 -34.56
165.61 141.99 -34.56
163.38 143.95 -34.56
161.61 146.11 -34.56
159.94 148.65 -34.56
158.46 151.43 -34.56
157.49 154.16 -34.56
157.45 156.67 -34.56
159.09 159.5 -34.56
161.61 161.5 -34.56
164.28 161.65 -34.56
167.18 161.3 -34.56
169.93 160.31 -34.56
172.65 159.07 -34.56
175.38 158.08 -34.56
178.19 157.8 -34.56
181.07 157.8 -34.56
183.98 157.8 -34.56
186.86 157.93 -34.56
189.72 158.37 -34.56
192.57 158.95 -34.56
195.39 159.54 -34.56
198.19 160.2 -34.56
200.98 160.96 -34.56
203.75 161.82 -34.56
206.49 162.76 -34.56
206.49 162.76 -34.56
209.22 163.79 -34.56
209.22 163.79 -34.56
211.16 165.97 -34.56
213 168.21 -34.56
214.7 170.53 -34.56
216.21 172.97 -34.56
217.5 175.59 -34.56
218.71 178.28 -34.56
219.98 180.9 -34.56
221.45 183.34 -34.56
220.6 188.85 -43.2
222.41 188.12 -43.2
224.55 185.28 -43.2
225.35 182.5 -43.2
225.76 179.42 -43.2
226.39 176.53 -43.2
227.76 173.95 -43.2
229.61 171.5 -43.2
231.42 169.02 -43.2
232.85 166.39 -43.2
234.15 163.68 -43.2
235.34 160.91 -43.2
236.36 158.1 -43.2
237.38 155.22 -43.2
238.37 152.28 -43.2
239.12 149.35 -43.2
239.42 146.51 -43.2
238.81 143.67 -43.2
237.34 140.83 -43.2
235.45 138.28 -43.2
233.55 136.2 -43.2
231.26 134.2 -43.2
228.6 132.38 -43.2
225.76 131.03 -43.2
222.93 130.43 -43.2
220.05 130.25 -43.2
217.05 130.1 -43.2
213.98 130 -43.2
210.93 129.94 -43.2
207.94 129.96 -43.2
204.93 130.27 -43.2
201.91 130.85 -43.2
198.96 131.62 -43.2
196.13 132.49 -43.2
193.48 133.52 -43.2
190.99 135.05 -43.2
188.6 136.94 -43.2
186.23 138.95 -43.2
183.83 140.88 -43.2
181.35 142.57 -43.2
178.81 144.18 -43.2
176.28 145.8 -43.2
173.84 147.52 -43.2
171.53 149.4 -43.2
169.3 151.43 -43.2
167.19 153.55 -43.2
165.08 155.73 -43.2
163.04 158 -43.2
161.24 160.38 -43.2
159.76 163.03 -43.2
158.32 166.25 -43.2
157.29 169.15 -43.2
157.83 170.85 -43.2
160.82 170.86 -43.2
163.18 168.97 -43.2
165.53 166.67 -43.2
168.1 165.08 -43.2
170.84 163.6 -43.2
173.68 162.6 -43.2
176.58 162.46 -43.2
179.56 162.46 -43.2
182.59 162.46 -43.2
185.62 162.46 -43.2
188.6 162.53 -43.2
191.59 162.89 -43.2
194.56 163.46 -43.2
197.48 164.08 -43.2
200.35 164.82 -43.2
203.2 165.76 -43.2
206 166.87 -43.2
206 166.87 -43.2
208.77 168.11 -43.2
208.77 168.11 -43.2
211.51 169.77 -43.2
213.74 171.76 -43.2
215.32 174.06 -43.2
216.43 176.85 -43.2
217.43 179.77 -43.2
218.45 183.09 -43.2
219.44 186.65 -43.2
218.59 194.16 -51.84
219.63 194.38 -51.84
220.9 193.14 -51.84
222.35 190.78 -51.84
223.88 187.78 -51.84
225.37 184.65 -51.84
226.7 181.89 -51.84
227.86 179.4 -51.84
228.95 176.87 -51.84
230.01 174.32 -51.84
231.11 171.79 -51.84
232.28 169.3 -51.84
233.49 166.83 -51.84
234.67 164.34 -51.84
235.84 161.79 -51.84
237.17 159.16 -51.84
238.3 156.56 -51.84
238.82 154.09 -51.84
238.24 151.69 -51.84
236.6 149.3 -51.84
234.41 147.13 -51.84
232.2 145.37 -51.84
229.96 143.98 -51.84
227.41 142.79 -51.84
224.73 141.82 -51.84
222.1 141.09 -51.84
219.43 140.41 -51.84
216.7 139.78 -51.84
213.95 139.24 -51.84
211.2 138.83 -51.84
208.48 138.58 -51.84
205.79 138.58 -51.84
203.1 139.12 -51.84
200.43 140.07 -51.84
197.87 141.18 -51.84
195.48 142.39 -51.84
193.2 143.94 -51.84
190.99 145.66 -51.84
188.78 147.34 -51.84
186.6 149.03 -51.84
184.43 150.74 -51.84
182.21 152.36 -51.84
179.87 153.8 -51.84
177.42 155.12 -51.84
175.02 156.47 -51.84
172.77 158.01 -51.84
170.51 159.72 -51.84
168.32 161.58 -51.84
166.49 163.61 -51.84
165.19 165.98 -51.84
164.04 169.35 -51.84
163.21 172.32 -51.84
163.02 173.2 -51.84
164.2 172.37 -51.84
166.57 170.8 -51.84
169.62 168.98 -51.84
172.83 167.39 -51.84
175.69 166.52 -51.84
178.32 166.1 -51.84
181.05 165.73 -51.84
183.84 165.43 -51.84
186.64 165.2 -51.84
189.41 165.05 -51.84
192.14 165.02 -51.84
194.93 165.29 -51.84
197.76 165.91 -51.84
200.52 166.78 -51.84
203.05 167.8 -51.84
205.26 168.89 -51.84
207.28 170.27 -51.84
207.28 170.27 -51.84
209.2 172.05 -51.84
210.99 174.17 -51.84
212.63 176.59 -51.84
214.09 179.26 -51.84
215.36 182.13 -51.84
215.36 182.13 -51.84
216 186.66 -51.84
216.77 190.22 -51.84
217.63 192.74 -51.84
216.46 199.35 -60.48
216.71 199.65 -60.48
217.52 198.58 -60.48
218.82 196.57 -60.48
220.38 193.97 -60.48
222 191.14 -60.48
223.45 188.42 -60.48
224.56 186.08 -60.48
225.5 183.79 -60.48
226.37 181.45 -60.48
227.22 179.09 -60.48
228.1 176.75 -60.48
229.1 174.46 -60.48
230.39 172.2 -60.48
231.72 169.96 -60.48
232.76 167.69 -60.48
233.19 165.38 -60.48
233.04 162.81 -60.48
232.61 160.05 -60.48
231.98 157.49 -60.48
231.21 155.53 -60.48
229.96 154.09 -60.48
227.85 152.73 -60.48
225.24 151.6 -60.48
222.49 150.84 -60.48
219.93 150.6 -60.48
217.49 150.65 -60.48
214.99 150.78 -60.48
212.47 150.95 -60.48
209.97 151.13 -60.48
207.5 151.38 -60.48
205.03 151.72 -60.48
202.57 152.12 -60.48
200.11 152.55 -60.48
197.66 152.98 -60.48
195.2 153.39 -60.48
192.69 153.74 -60.48
190.21 154.12 -60.48
187.86 154.68 -60.48
185.66 155.69 -60.48
183.53 157.08 -60.48
181.48 158.62 -60.48
179.46 160.1 -60.48
177.49 161.59 -60.48
175.55 163.15 -60.48
173.66 164.78 -60.48
171.81 166.47 -60.48
170.02 168.23 -60.48
170.02 168.23 -60.48
168.63 171.92 -60.48
168.07 174.63 -60.48
167.96 175.9 -60.48
168.7 175.62 -60.48
171.08 174.58 -60.48
174.07 173.24 -60.48
176.59 172.04 -60.48
178.78 170.6 -60.48
180.96 169.14 -60.48
183.18 168.19 -60.48
185.51 168.08 -60.48
187.98 168.18 -60.48
190.53 168.38 -60.48
193.12 168.66 -60.48
195.68 169.02 -60.48
198.16 169.44 -60.48
200.5 169.92 -60.48
202.7 170.58 -60.48
204.85 171.81 -60.48
206.9 173.47 -60.48
206.9 173.47 -60.48
208.78 175.32 -60.48
210.42 177.16 -60.48
212.02 179.09 -60.48
213.58 181.21 -60.48
214.89 183.45 -60.48
215.73 185.76 -60.48
216.02 188.23 -60.48
216.16 191.35 -60.48
216.24 194.63 -60.48
216.33 197.49 -60.48
212.4 202.92 -69.12
214.53 200.55 -69.12
217.1 196.8 -69.12
217.1 196.8 -69.12
218.23 193.91 -69.12
219.39 191.04 -69.12
220.59 188.19 -69.12
221.84 185.35 -69.12
223.26 182.56 -69.12
224.75 179.8 -69.12
226.14 177.01 -69.12
227.26 174.17 -69.12
228.04 171.22 -69.12
228.77 168.18 -69.12
229.37 165.09 -69.12
229.72 162.01 -69.12
229.7 158.81 -69.12
229.24 154.89 -69.12
228.42 151.25 -69.12
227.31 149.06 -69.12
225.51 148.86 -69.12
222.07 148.86 -69.12
218.73 148.93 -69.12
215.78 150.03 -69.12
212.83 151.06 -69.12
209.8 150.88 -69.12
206.73 150.26 -69.12
203.64 149.55 -69.12
200.59 149.08 -69.12
197.61 149.26 -69.12
194.69 150.28 -69.12
191.78 151.6 -69.12
188.82 152.63 -69.12
185.79 153.34 -69.12
182.71 153.93 -69.12
179.64 154.52 -69.12
176.62 155.19 -69.12
173.71 156.04 -69.12
170.61 157.24 -69.12
167.74 158.85 -69.12
166.27 160.81 -69.12
165.29 163.36 -69.12
164.47 166.38 -69.12
163.82 169.69 -69.12
163.39 173.08 -69.12
163.18 176.35 -69.12
163.28 179.45 -69.12
163.75 182.58 -69.12
164.44 185.6 -69.12
165.61 188.64 -69.12
167.85 192.03 -69.12
170.01 194.77 -69.12
170.87 195.76 -69.12
170.87 193.84 -69.12
170.87 190.02 -69.12
170.87 186.22 -69.12
171.18 182.98 -69.12
172.09 179.55 -69.12
173.41 176.43 -69.12
174.98 174.15 -69.12
176.99 172.87 -69.12
180.08 171.87 -69.12
183.47 171.32 -69.12
186.58 171.34 -69.12
189.72 171.53 -69.12
192.8 171.83 -69.12
195.82 172.34 -69.12
198.94 173.45 -69.12
201.83 175.01 -69.12
204.11 176.8 -69.12
205.81 178.97 -69.12
207.3 181.78 -69.12
208.5 184.89 -69.12
209.34 187.98 -69.12
209.83 191.38 -69.12
210.14 195.41 -69.12
210.39 199.31 -69.12
210.71 202.3 -69.12
211.21 203.64 -69.12
212.4 202.92 -69.12
