195.06 225.71 0
199.26 223.72 0
199.26 223.72 0
203.39 220.73 0
207.45 216.72 0
207.45 216.72 0
211.6 213.98 0
214.98 210.73 0
217.42 206.94 0
219.3 202.49 0
221.01 198.01 0
222.62 193.53 0
223.65 188.79 0
224.6 184.37 0
227.91 181.5 0
232.64 179.06 0
236.24 176.06 0
238.36 171.83 0
239.99 167.31 0
241.26 162.73 0
242.73 158.23 0
244.44 153.8 0
246.03 149.32 0
247.67 144.77 0
248.16 140.15 0
247.79 135.22 0
247.05 130.33 0
246.06 125.96 0
244.15 122.21 0
240.66 118.74 0
236.41 115.7 0
232.23 113.27 0
227.93 111.39 0
223.36 109.84 0
218.8 108.42 0
214.2 107.1 0
209.53 106.78 0
204.78 106.87 0
200.03 107.05 0
195.32 107.57 0
190.6 108.12 0
185.85 108.48 0
181.18 109.13 0
176.49 110.51 0
172.13 112.46 0
168.53 115.13 0
165.44 118.92 0
162.35 122.58 0
159.18 126.07 0
155.31 128.78 0
151.39 131.47 0
147.65 134.56 0
144.32 137.97 0
141.75 141.89 0
140.01 146.38 0
140.39 151.09 0
141.56 155.73 0
143.69 159.92 0
147.12 163.54 0
151.67 165.58 0
156.62 166.97 0
155.98 169.53 0
152.64 173.43 0
149.23 177.9 0
147.74 182.33 0
146.93 187.08 0
146.75 191.84 0
147.3 196.78 0
148.4 201.62 0
149.89 205.84 0
152.74 209.12 0
156.92 211.99 0
160.55 215.23 0
164.22 218.37 0
168.31 220.28 0
173 221.3 0
177.56 222.82 0
182.05 224.96 0
186.47 226.58 0
190.8 226.71 0
195.01 226.44 -8.64
199.5 225.17 -8.64
199.5 225.17 -8.64
199.5 225.17 -8.64
203.69 222.95 -8.64
207.5 220.34 -8.64
210.89 217.41 -8.64
213.94 213.95 -8.64
216.62 210.12 -8.64
218.87 206.14 -8.64
220.85 201.93 -8.64
222.33 197.57 -8.64
223.13 192.87 -8.64
224.18 188.63 -8.64
227.58 185.53 -8.64
230.84 182.22 -8.64
233.19 178.29 -8.64
235.29 174.12 -8.64
237.37 169.98 -8.64
239.5 165.87 -8.64
241.48 161.7 -8.64
243.13 157.44 -8.64
244.63 153.07 -8.64
246 148.63 -8.64
247.07 144.13 -8.64
247.69 139.59 -8.64
248.05 134.89 -8.64
247.77 130.57 -8.64
244.85 126.69 -8.64
241.56 123.52 -8.64
237.8 120.82 -8.64
233.74 118.44 -8.64
229.68 116.26 -8.64
225.49 114.27 -8.64
221.17 112.71 -8.64
216.73 111.41 -8.64
212.19 110.52 -8.64
207.61 110.46 -8.64
203 110.52 -8.64
198.39 110.62 -8.64
193.81 110.99 -8.64
189.25 111.8 -8.64
184.75 112.72 -8.64
180.29 113.89 -8.64
175.88 115.24 -8.64
171.42 116.59 -8.64
167.07 118.13 -8.64
163.39 120.59 -8.64
160.11 124.01 -8.64
157.12 127.55 -8.64
154.23 131.24 -8.64
151.76 135.16 -8.64
149.94 139.29 -8.64
148.33 143.72 -8.64
147.45 148.26 -8.64
147.57 153.12 -8.64
148.15 158.01 -8.64
149.62 161.12 -8.64
155.06 162.88 -8.64
158.89 164.78 -8.64
157.36 167.81 -8.64
153.83 171.65 -8.64
150.75 175.74 -8.64
148.77 179.92 -8.64
147.09 184.36 -8.64
146.42 188.83 -8.64
146.96 193.38 -8.64
148.18 197.93 -8.64
149.67 202.21 -8.64
151.87 206.3 -8.64
154.61 210.11 -8.64
157.56 213.57 -8.64
160.91 216.85 -8.64
164.56 219.79 -8.64
168.38 222.19 -8.64
172.49 224.53 -8.64
176.84 226.45 -8.64
181.28 227.22 -8.64
185.87 227.22 -8.64
190.48 227.17 -8.64
196.98 225.96 -17.28
196.98 225.96 -17.28
201.21 223.86 -17.28
201.21 223.86 -17.28
205.14 221.46 -17.28
208.71 218.81 -17.28
211.83 215.92 -17.28
214.45 212.83 -17.28
216.56 209.35 -17.28
218.32 205.39 -17.28
219.91 201.17 -17.28
221.5 196.91 -17.28
223.28 192.84 -17.28
225.29 188.96 -17.28
227.41 185.13 -17.28
229.54 181.31 -17.28
231.79 177.53 -17.28
233.99 173.74 -17.28
235.9 169.85 -17.28
237.72 165.83 -17.28
239.58 161.72 -17.28
241.23 157.54 -17.28
242.41 153.34 -17.28
242.86 149.13 -17.28
242.64 144.75 -17.28
242.01 140.16 -17.28
241.04 135.56 -17.28
239.82 131.19 -17.28
238.41 127.24 -17.28
236.82 123.88 -17.28
234.22 120.46 -17.28
230.68 117.14 -17.28
226.59 114.39 -17.28
222.35 112.65 -17.28
218.3 112.3 -17.28
214.05 112.31 -17.28
209.59 112.34 -17.28
205.08 112.38 -17.28
200.7 112.45 -17.28
196.43 113.08 -17.28
192.18 114.24 -17.28
187.96 115.58 -17.28
183.71 116.74 -17.28
179.4 117.75 -17.28
175.16 118.88 -17.28
171.17 120.36 -17.28
167.11 122.34 -17.28
163.12 124.74 -17.28
159.46 127.47 -17.28
156.41 130.44 -17.28
154.07 133.66 -17.28
151.87 137.54 -17.28
150.06 141.82 -17.28
149.1 146.16 -17.28
149.33 150.4 -17.28
150.55 154.77 -17.28
152.25 158.82 -17.28
155.37 162.15 -17.28
157.78 165.37 -17.28
156.32 169.24 -17.28
153.95 173.3 -17.28
151.69 177.2 -17.28
149.21 181.05 -17.28
147.51 185 -17.28
147.35 189.21 -17.28
147.68 193.63 -17.28
148.36 197.91 -17.28
149.76 202.31 -17.28
151.72 206.62 -17.28
154.05 210.56 -17.28
156.57 213.88 -17.28
159.25 216.51 -17.28
162.59 219.08 -17.28
166.48 221.53 -17.28
170.73 223.66 -17.28
175.15 225.32 -17.28
179.58 226.33 -17.28
183.83 226.56 -17.28
188.11 226.52 -17.28
192.51 226.36 -17.28
195.63 226.32 -25.92
199.74 225.43 -25.92
203.84 224.1 -25.92
203.84 224.1 -25.92
203.84 224.1 -25.92
207.86 222.28 -25.92
211.14 219.87 -25.92
213.48 216.69 -25.92
215.39 212.81 -25.92
217.95 209.46 -25.92
220.86 206.4 -25.92
222.29 202.74 -25.92
223.16 198.58 -25.92
223.92 194.29 -25.92
224.98 190.25 -25.92
227.15 186.81 -25.92
229.58 183.39 -25.92
231.9 179.87 -25.92
234.07 176.26 -25.92
235.97 172.56 -25.92
237.45 168.72 -25.92
238.56 164.65 -25.92
239.77 160.65 -25.92
241.91 157.03 -25.92
244.13 153.5 -25.92
244.8 149.5 -25.92
245.24 145.21 -25.92
245.43 141.04 -25.92
244.69 137.13 -25.92
242.45 133.35 -25.92
239.81 129.98 -25.92
237.01 126.74 -25.92
233.67 123.88 -25.92
230.06 122.38 -25.92
226.03 121.6 -25.92
221.74 121.12 -25.92
217.54 121.06 -25.92
213.36 121.18 -25.92
209.18 121.4 -25.92
205.02 121.69 -25.92
200.88 122.16 -25.92
196.75 122.94 -25.92
192.69 123.94 -25.92
188.73 125.13 -25.92
184.85 126.72 -25.92
181.05 128.51 -25.92
177.34 130.38 -25.92
173.7 132.43 -25.92
170.11 134.57 -25.92
166.5 136.69 -25.92
162.68 138.66 -25.92
159.37 140.89 -25.92
157.11 144.4 -25.92
155.68 148.47 -25.92
154.98 152.66 -25.92
154.66 156.76 -25.92
156.98 160.17 -25.92
160.17 163.38 -25.92
159.68 166.78 -25.92
157.08 170.25 -25.92
154.18 173.83 -25.92
152.51 177.59 -25.92
151.37 181.57 -25.92
150.39 185.71 -25.92
149.69 189.91 -25.92
149.42 194.07 -25.92
149.92 198.25 -25.92
151.06 202.21 -25.92
153.16 205.67 -25.92
156.04 208.91 -25.92
158.75 212.18 -25.92
161.31 215.68 -25.92
164.04 218.85 -25.92
167.23 221.13 -25.92
171.03 222.94 -25.92
175.1 224.34 -25.92
179.13 225.35 -25.92
183.25 226.24 -25.92
187.41 226.78 -25.92
191.53 226.77 -25.92
195.83 225.13 -34.56
199.78 225.19 -34.56
199.78 225.19 -34.56
203.6 224.45 -34.56
207.31 222.7 -34.56
207.31 222.7 -34.56
210.26 219.93 -34.56
212.71 216.86 -34.56
214.56 213.37 -34.56
216.34 209.78 -34.56
218.89 206.42 -34.56
221.12 203.03 -34.56
221.43 199.34 -34.56
220.6 195.26 -34.56
221.29 191.97 -34.56
224.74 189.25 -34.56
227.03 186.03 -34.56
228.61 182.34 -34.56
230.28 178.69 -34.56
232.63 175.5 -34.56
235.13 172.39 -34.56
236.89 168.88 -34.56
238.36 165.14 -34.56
239.56 161.35 -34.56
240.74 157.47 -34.56
241.65 153.55 -34.56
241.78 149.72 -34.56
240.71 145.92 -34.56
238.92 142.21 -34.56
237.09 138.64 -34.56
235.1 134.98 -34.56
232.76 131.67 -34.56
230.01 129.25 -34.56
226.54 127.12 -34.56
222.65 125.54 -34.56
218.76 125.1 -34.56
214.84 125.48 -34.56
210.84 126.04 -34.56
206.84 126.39 -34.56
202.79 126.63 -34.56
198.86 126.95 -34.56
195.24 127.93 -34.56
191.91 130.44 -34.56
188.5 132.58 -34.56
184.68 133.34 -34.56
180.67 133.68 -34.56
176.67 133.66 -34.56
172.72 133.64 -34.56
168.7 134.35 -34.56
164.88 135.91 -34.56
161.8 137.85 -34.56
159.05 140.84 -34.56
156.81 144.46 -34.56
155.4 148.12 -34.56
154.36 152.09 -34.56
153.85 156.01 -34.56
155.55 159.42 -34.56
158.52 162.66 -34.56
158.6 166.07 -34.56
156.37 169.6 -34.56
154.77 173.28 -34.56
153.9 177.14 -34.56
153.24 181.12 -34.56
152.95 185.1 -34.56
153.07 189.07 -34.56
153.43 193.06 -34.56
153.93 196.97 -34.56
154.91 200.83 -34.56
156.3 204.59 -34.56
157.89 208.28 -34.56
159.87 211.86 -34.56
162.23 214.8 -34.56
165.24 217.33 -34.56
168.74 219.53 -34.56
172.4 221.29 -34.56
176.09 222.59 -34.56
179.99 223.61 -34.56
183.9 224.28 -34.56
187.86 224.78 -34.56
191.83 225.01 -34.56
196.8 222.92 -43.2
200.43 222.27 -43.2
204.02 220.86 -43.2
204.02 220.86 -43.2
207.36 219.01 -43.2
210.42 216.91 -43.2
213.37 214.25 -43.2
215.7 211.24 -43.2
217.01 207.97 -43.2
217.82 204.22 -43.2
218.75 200.5 -43.2
220.14 197.02 -43.2
221.79 193.61 -43.2
223.47 190.24 -43.2
225.22 186.9 -43.2
227.03 183.6 -43.2
228.86 180.31 -43.2
230.69 177.01 -43.2
232.48 173.7 -43.2
234.26 170.38 -43.2
236.03 167.06 -43.2
237.8 163.73 -43.2
239.99 160.43 -43.2
242.13 157.13 -43.2
243.42 153.73 -43.2
243.53 150.06 -43.2
243.53 146.04 -43.2
243.53 142.18 -43.2
243.4 139 -43.2
241.39 136.13 -43.2
237.89 133.6 -43.2
234.12 131.67 -43.2
230.78 130.34 -43.2
227.22 129.12 -43.2
223.49 128.07 -43.2
219.69 127.3 -43.2
215.9 126.89 -43.2
212.17 126.92 -43.2
208.4 127.28 -43.2
204.64 127.87 -43.2
200.94 128.59 -43.2
197.34 129.52 -43.2
193.8 130.92 -43.2
190.38 132.54 -43.2
187.11 134.34 -43.2
183.96 136.43 -43.2
180.86 138.61 -43.2
177.79 140.78 -43.2
174.76 143.03 -43.2
171.72 145.25 -43.2
168.67 147.46 -43.2
165.61 149.66 -43.2
162.55 151.85 -43.2
162.55 151.85 -43.2
159.36 154.36 -43.2
157.01 157.21 -43.2
155.79 160.47 -43.2
154.88 164.2 -43.2
154.38 168.07 -43.2
154.51 171.81 -43.2
155.15 175.55 -43.2
155.55 179.29 -43.2
155.64 183.07 -43.2
155.69 186.88 -43.2
155.74 190.67 -43.2
155.83 194.39 -43.2
156.24 198.03 -43.2
157.56 201.62 -43.2
159.22 205.08 -43.2
160.89 208.5 -43.2
162.85 211.88 -43.2
165.11 214.83 -43.2
167.81 217.14 -43.2
171.12 219.1 -43.2
174.64 220.71 -43.2
178.15 222.12 -43.2
181.79 223.34 -43.2
185.47 223.75 -43.2
189.24 223.62 -43.2
193.05 223.33 -43.2
195.88 223.14 -51.84
199.33 222.32 -51.84
202.65 221.14 -51.84
202.65 221.14 -51.84
205.65 219.78 -51.84
208.34 218.02 -51.84
210.85 215.56 -51.84
213.07 212.73 -51.84
214.89 209.9 -51.84
216.31 206.87 -51.84
217.52 203.64 -51.84
218.75 200.39 -51.84
220.21 197.31 -51.84
221.92 194.36 -51.84
223.69 191.44 -51.84
225.33 188.45 -51.84
226.87 185.41 -51.84
228.34 182.34 -51.84
229.75 179.22 -51.84
229.75 179.22 -51.84
232.07 176.46 -51.84
234.17 173.59 -51.84
236.01 170.64 -51.84
237.58 167.62 -51.84
238.85 164.52 -51.84
239.78 161.37 -51.84
240.49 158.07 -51.84
241.08 154.61 -51.84
241.38 151.24 -51.84
240.82 147.81 -51.84
239.05 144.43 -51.84
236.94 142.38 -51.84
234.29 141.26 -51.84
230.96 140.39 -51.84
227.29 139.71 -51.84
223.59 139.15 -51.84
220.14 138.64 -51.84
216.75 138.13 -51.84
213.34 137.66 -51.84
209.94 137.3 -51.84
206.56 137.12 -51.84
203.18 137.26 -51.84
199.73 137.92 -51.84
196.35 138.95 -51.84
193.19 140.21 -51.84
190.41 141.73 -51.84
188.01 144.21 -51.84
185.59 146.78 -51.84
182.86 148.78 -51.84
179.94 150.6 -51.84
176.94 152.21 -51.84
173.66 153.49 -51.84
170.4 154.69 -51.84
167.81 156.41 -51.84
165.58 158.95 -51.84
163.66 162 -51.84
162.11 165.15 -51.84
160.93 168.29 -51.84
159.97 171.6 -51.84
159.25 174.95 -51.84
158.59 178.31 -51.84
158.12 181.7 -51.84
158.03 185.09 -51.84
158.2 188.53 -51.84
158.54 191.98 -51.84
159.01 195.35 -51.84
159.63 198.58 -51.84
160.97 201.68 -51.84
162.78 204.68 -51.84
164.56 207.64 -51.84
166.28 210.71 -51.84
168.13 213.67 -51.84
170.26 216.11 -51.84
172.84 218.22 -51.84
175.83 220.17 -51.84
179.04 221.71 -51.84
182.28 222.55 -51.84
185.6 222.96 -51.84
189.06 223.26 -51.84
192.48 223.39 -51.84
194.57 219.53 -60.48
197.57 219.58 -60.48
200.51 219.59 -60.48
203.38 219.3 -60.48
203.38 219.3 -60.48
206.22 218.48 -60.48
209.02 217.32 -60.48
211.79 216 -60.48
211.79 216 -60.48
213.97 213.88 -60.48
215.99 211.66 -60.48
217.77 209.32 -60.48
219.24 206.86 -60.48
220.46 204.23 -60.48
221.53 201.46 -60.48
222.53 198.62 -60.48
223.55 195.79 -60.48
224.67 193.03 -60.48
225.97 190.37 -60.48
227.44 187.79 -60.48
229 185.23 -60.48
230.57 182.69 -60.48
232.07 180.12 -60.48
233.44 177.51 -60.48
234.59 174.83 -60.48
235.69 172.04 -60.48
236.73 169.17 -60.48
237.38 166.29 -60.48
237.36 163.41 -60.48
236.65 160.36 -60.48
235.49 157.44 -60.48
234.13 155.01 -60.48
232.36 152.91 -60.48
229.87 150.87 -60.48
227.02 149.29 -60.48
224.15 148.56 -60.48
221.37 148.79 -60.48
218.44 149.45 -60.48
215.45 150.13 -60.48
212.49 150.43 -60.48
209.58 150.03 -60.48
206.66 149.28 -60.48
203.74 148.75 -60.48
200.81 148.83 -60.48
197.87 149.31 -60.48
194.95 150.02 -60.48
192.12 150.8 -60.48
189.37 151.86 -60.48
186.69 153.19 -60.48
184.08 154.62 -60.48
181.47 156.08 -60.48
178.87 157.65 -60.48
176.4 159.34 -60.48
174.16 161.2 -60.48
172.19 163.26 -60.48
170.33 165.62 -60.48
168.65 168.16 -60.48
167.23 170.79 -60.48
166.06 173.47 -60.48
164.92 176.27 -60.48
164.04 179.16 -60.48
163.68 182.07 -60.48
163.68 185 -60.48
163.68 187.98 -60.48
163.68 190.96 -60.48
163.78 193.92 -60.48
164.24 196.92 -60.48
164.93 199.82 -60.48
165.76 202.53 -60.48
167.01 205.22 -60.48
168.68 207.84 -60.48
170.63 210.3 -60.48
172.74 212.47 -60.48
174.89 214.26 -60.48
177.29 215.94 -60.48
180 217.51 -60.48
182.85 218.69 -60.48
185.71 219.25 -60.48
188.58 219.37 -60.48
191.55 219.46 -60.48
194.3 216.46 -69.12
197.08 216.22 -69.12
199.86 215.69 -69.12
202.64 214.81 -69.12
202.64 214.81 -69.12
205.42 213.56 -69.12
208.2 211.87 -69.12
208.2 211.87 -69.12
209.45 209.22 -69.12
210.79 206.62 -69.12
212.19 204.07 -69.12
213.66 201.56 -69.12
215.19 199.1 -69.12
216.77 196.69 -69.12
218.54 194.38 -69.12
220.47 192.16 -69.12
222.38 189.94 -69.12
224.11 187.63 -69.12
225.56 185.17 -69.12
226.87 182.57 -69.12
228.05 179.89 -69.12
229.11 177.16 -69.12
230.05 174.42 -69.12
231.04 171.63 -69.12
231.84 168.8 -69.12
232.16 165.96 -69.12
232.11 162.9 -69.12
231.94 159.58 -69.12
231.67 156.26 -69.12
231.29 153.18 -69.12
230.81 150.59 -69.12
230.22 148.74 -69.12
228.26 147.27 -69.12
225.02 146.14 -69.12
221.93 145.8 -69.12
219.12 146.35 -69.12
216.27 147.25 -69.12
213.41 147.9 -69.12
210.54 147.84 -69.12
207.65 147.42 -69.12
204.75 147.04 -69.12
201.86 147.03 -69.12
198.97 147.34 -69.12
196.08 147.85 -69.12
193.23 148.44 -69.12
190.44 149.13 -69.12
187.71 150.11 -69.12
185 151.23 -69.12
182.27 152.28 -69.12
179.49 153.09 -69.12
176.63 153.71 -69.12
173.83 154.43 -69.12
170.74 155.41 -69.12
167.6 156.61 -69.12
165.12 158.02 -69.12
163.97 159.7 -69.12
163.3 161.95 -69.12
162.73 164.72 -69.12
162.27 167.82 -69.12
161.93 171.07 -69.12
161.71 174.3 -69.12
161.63 177.3 -69.12
161.79 180.13 -69.12
162.26 182.98 -69.12
162.99 185.83 -69.12
163.95 188.66 -69.12
165.06 191.45 -69.12
166.3 194.19 -69.12
167.6 196.85 -69.12
168.91 199.43 -69.12
170.26 201.91 -69.12
171.93 204.35 -69.12
173.84 206.63 -69.12
175.88 208.61 -69.12
178.15 210.4 -69.12
180.63 212.03 -69.12
183.23 213.43 -69.12
185.88 214.55 -69.12
188.66 215.63 -69.12
191.5 216.37 -69.12
193.35 216.75 -77.76
194.76 217.14 -77.76
196.01 217.18 -77.76
197.21 216.9 -77.76
198.37 216.33 -77.76
199.48 215.48 -77.76
200.55 214.36 -77.76
201.57 212.96 -77.76
202.53 211.29 -77.76
203.43 209.36 -77.76
204.25 207.18 -77.76
205 204.75 -77.76
205 204.75 -77.76
205.37 203.13 -77.76
205.74 201.51 -77.76
206.12 199.89 -77.76
206.51 198.27 -77.76
206.9 196.66 -77.76
207.3 195.05 -77.76
207.71 193.44 -77.76
208.12 191.83 -77.76
208.54 190.22 -77.76
209 188.61 -77.76
209.57 186.97 -77.76
210.15 185.34 -77.76
210.62 183.73 -77.76
210.86 182.19 -77.76
210.67 180.67 -77.76
209.92 179.1 -77.76
208.81 177.61 -77.76
207.57 176.37 -77.76
206.37 175.48 -77.76
205.01 174.68 -77.76
203.48 173.94 -77.76
201.82 173.3 -77.76
200.12 172.82 -77.76
198.43 172.54 -77.76
196.81 172.51 -77.76
195.18 172.63 -77.76
193.53 172.86 -77.76
191.87 173.17 -77.76
190.22 173.53 -77.76
188.59 173.91 -77.76
186.98 174.29 -77.76
185.34 174.73 -77.76
183.69 175.24 -77.76
182.08 175.82 -77.76
180.54 176.48 -77.76
179.11 177.22 -77.76
177.8 178.05 -77.76
176.44 179.13 -77.76
175.12 180.39 -77.76
174.01 181.78 -77.76
173.28 183.22 -77.76
172.99 184.67 -77.76
172.78 186.22 -77.76
172.61 187.87 -77.76
172.46 189.58 -77.76
172.34 191.32 -77.76
172.26 193.04 -77.76
172.21 194.73 -77.76
172.21 196.35 -77.76
172.47 197.98 -77.76
172.99 199.62 -77.76
173.71 201.23 -77.76
174.54 202.74 -77.76
175.4 204.13 -77.76
176.28 205.37 -77.76
177.33 206.54 -77.76
178.54 207.65 -77.76
179.87 208.7 -77.76
181.29 209.7 -77.76
182.76 210.66 -77.76
184.23 211.57 -77.76
185.69 212.44 -77.76
187.12 213.3 -77.76
188.65 214.25 -77.76
190.24 215.2 -77.76
191.83 216.07 -77.76
193.35 216.75 -77.76
