192.46 223.74 0
195.03 222.68 0
197.53 221.34 0
199.9 219.98 0
202.16 218.6 0
204.35 217.01 0
206.46 215.26 0
208.5 213.41 0
210.46 211.51 0
212.35 209.59 0
214.39 207.59 0
216.28 205.48 0
217.55 203.23 0
218.12 200.78 0
218.56 198.09 0
218.88 195.31 0
219.04 192.56 0
218.92 189.93 0
218.36 187.3 0
217.45 184.69 0
216.31 182.12 0
215.04 179.64 0
213.76 177.27 0
212.44 174.99 0
210.87 172.75 0
209.1 170.6 0
207.2 168.6 0
205.23 166.8 0
203.17 165.09 0
200.93 163.36 0
198.56 161.78 0
196.1 160.56 0
193.61 159.89 0
191.04 159.61 0
188.35 159.37 0
185.59 159.18 0
182.82 159.04 0
180.08 158.96 0
177.44 158.93 0
174.84 159.31 0
172.24 160.22 0
169.71 161.46 0
167.28 162.85 0
164.99 164.21 0
162.81 165.72 0
160.71 167.47 0
158.71 169.38 0
156.82 171.38 0
155.05 173.4 0
153.1 175.49 0
151.17 177.69 0
149.64 179.99 0
148.9 182.38 0
148.83 184.92 0
148.77 187.63 0
148.74 190.41 0
148.72 193.18 0
148.73 195.86 0
149.15 198.62 0
149.99 201.39 0
151.12 203.96 0
152.37 206.13 0
154.1 207.79 0
156.55 209.17 0
159.1 210.54 0
161.22 212.25 0
163.01 214.55 0
164.73 216.91 0
166.59 218.68 0
168.76 219.47 0
171.18 220.02 0
173.82 220.45 0
176.67 220.74 0
179.7 220.84 0
179.7 220.84 0
182.27 222.41 0
184.83 223.5 0
187.37 224.11 0
187.37 224.11 0
189.9 224.25 0
192.36 225.81 -8.64
195.23 225.26 -8.64
197.92 224.54 -8.64
200.45 223.71 -8.64
202.79 222.78 -8.64
204.95 221.65 -8.64
206.93 219.85 -8.64
208.77 217.57 -8.64
210.51 215.09 -8.64
212.17 212.65 -8.64
213.82 210.37 -8.64
215.47 208.03 -8.64
216.94 205.61 -8.64
218.05 203.1 -8.64
218.96 200.45 -8.64
219.77 197.7 -8.64
220.33 194.91 -8.64
220.49 192.17 -8.64
220.19 189.43 -8.64
219.53 186.65 -8.64
218.6 183.9 -8.64
217.49 181.22 -8.64
216.29 178.64 -8.64
215.08 176.21 -8.64
213.65 173.88 -8.64
211.92 171.61 -8.64
209.98 169.45 -8.64
207.92 167.45 -8.64
205.84 165.62 -8.64
203.66 163.8 -8.64
201.34 161.97 -8.64
198.91 160.32 -8.64
196.4 159.03 -8.64
193.83 158.32 -8.64
191.19 157.98 -8.64
188.42 157.69 -8.64
185.58 157.45 -8.64
182.7 157.27 -8.64
179.84 157.16 -8.64
177.04 157.11 -8.64
174.2 157.33 -8.64
171.29 157.99 -8.64
168.59 158.93 -8.64
166.35 160.06 -8.64
164.59 162.04 -8.64
163.02 164.6 -8.64
161.32 166.97 -8.64
159.17 168.85 -8.64
156.8 170.59 -8.64
154.69 172.42 -8.64
153.21 174.53 -8.64
151.87 176.93 -8.64
150.61 179.55 -8.64
149.53 182.3 -8.64
148.71 185.11 -8.64
148.24 187.9 -8.64
148.19 190.62 -8.64
148.49 193.43 -8.64
149.06 196.29 -8.64
149.81 199.09 -8.64
150.69 201.75 -8.64
151.65 204.18 -8.64
153.08 206.46 -8.64
154.92 208.63 -8.64
157.01 210.69 -8.64
159.19 212.66 -8.64
161.29 214.54 -8.64
163.47 216.3 -8.64
165.77 217.94 -8.64
168.07 219.56 -8.64
170.4 221.28 -8.64
172.77 222.9 -8.64
175.22 224.19 -8.64
177.78 224.98 -8.64
180.47 225.63 -8.64
183.27 226.1 -8.64
186.16 226.3 -8.64
186.16 226.3 -8.64
189.34 226.17 -8.64
189.34 226.17 -8.64
193.12 226.03 -17.28
195.79 225.3 -17.28
198.29 224.44 -17.28
200.58 223.27 -17.28
202.64 221.32 -17.28
204.71 219.3 -17.28
207.1 217.8 -17.28
209.64 216.47 -17.28
211.78 214.91 -17.28
213.49 212.87 -17.28
215 210.47 -17.28
216.33 207.89 -17.28
217.49 205.3 -17.28
218.59 202.74 -17.28
219.72 200.09 -17.28
220.73 197.4 -17.28
221.48 194.69 -17.28
221.83 192.03 -17.28
221.64 189.39 -17.28
220.95 186.71 -17.28
219.88 184.04 -17.28
218.56 181.42 -17.28
217.12 178.91 -17.28
215.68 176.54 -17.28
214.18 174.3 -17.28
212.41 172.13 -17.28
210.44 170.06 -17.28
208.34 168.13 -17.28
206.2 166.35 -17.28
204.01 164.71 -17.28
201.69 163.15 -17.28
199.26 161.7 -17.28
196.76 160.38 -17.28
194.23 159.23 -17.28
191.65 158.18 -17.28
188.99 157.16 -17.28
186.28 156.53 -17.28
183.54 156.52 -17.28
180.71 156.75 -17.28
177.9 157.13 -17.28
175.21 157.61 -17.28
172.63 158.34 -17.28
170.11 159.58 -17.28
167.67 161.14 -17.28
165.37 162.87 -17.28
163.23 164.58 -17.28
161.12 166.43 -17.28
159.07 168.46 -17.28
157.18 170.64 -17.28
155.57 172.92 -17.28
154.34 175.26 -17.28
153.25 177.75 -17.28
152.21 180.38 -17.28
151.29 183.12 -17.28
150.57 185.9 -17.28
150.12 188.68 -17.28
150 191.41 -17.28
150.24 194.18 -17.28
150.74 196.99 -17.28
151.45 199.77 -17.28
152.28 202.45 -17.28
153.17 204.96 -17.28
154.37 207.4 -17.28
155.96 209.79 -17.28
157.8 212.06 -17.28
159.78 214.12 -17.28
161.79 215.93 -17.28
163.92 217.55 -17.28
166.25 219.08 -17.28
168.73 220.49 -17.28
171.3 221.77 -17.28
173.91 222.91 -17.28
176.5 223.89 -17.28
179.11 224.75 -17.28
181.78 225.52 -17.28
184.51 226.18 -17.28
187.28 226.7 -17.28
187.28 226.7 -17.28
190.29 226.52 -17.28
190.29 226.52 -17.28
193.04 226.22 -25.92
195.88 225.66 -25.92
198.64 225 -25.92
201.34 224.26 -25.92
204.09 223.23 -25.92
206.82 221.89 -25.92
209.41 220.32 -25.92
211.72 218.59 -25.92
213.63 216.76 -25.92
215.24 214.56 -25.92
216.66 212.02 -25.92
217.97 209.31 -25.92
219.25 206.57 -25.92
220.58 203.97 -25.92
221.9 201.39 -25.92
222.9 198.67 -25.92
223.83 195.85 -25.92
224.48 193.01 -25.92
224.6 190.24 -25.92
224 187.46 -25.92
222.87 184.7 -25.92
221.46 182.03 -25.92
220.01 179.51 -25.92
218.54 177.14 -25.92
216.85 174.8 -25.92
214.98 172.53 -25.92
212.96 170.34 -25.92
210.83 168.25 -25.92
208.62 166.29 -25.92
206.38 164.48 -25.92
204.12 162.81 -25.92
201.73 161.01 -25.92
199.21 159.24 -25.92
196.6 157.68 -25.92
193.93 156.56 -25.92
191.23 156.07 -25.92
188.45 156.12 -25.92
185.54 156.33 -25.92
182.59 156.65 -25.92
179.67 157.06 -25.92
176.86 157.52 -25.92
174.16 158.23 -25.92
171.5 159.35 -25.92
168.89 160.77 -25.92
166.37 162.38 -25.92
163.96 164.06 -25.92
161.65 165.74 -25.92
159.33 167.6 -25.92
157.16 169.66 -25.92
155.36 171.86 -25.92
153.98 174.22 -25.92
152.75 176.83 -25.92
151.67 179.59 -25.92
150.8 182.44 -25.92
150.17 185.27 -25.92
149.7 188.12 -25.92
149.28 191.04 -25.92
149 193.94 -25.92
148.93 196.73 -25.92
149.63 199.42 -25.92
151.05 202.04 -25.92
152.73 204.58 -25.92
154.26 207.05 -25.92
155.79 209.65 -25.92
157.41 212.31 -25.92
159.12 214.9 -25.92
160.95 217.3 -25.92
162.89 219.38 -25.92
164.98 221.01 -25.92
167.26 222.13 -25.92
169.94 222.99 -25.92
172.84 223.71 -25.92
175.81 224.36 -25.92
178.66 225.02 -25.92
181.48 225.65 -25.92
184.31 226.24 -25.92
187.15 226.78 -25.92
187.15 226.78 -25.92
190.13 226.62 -25.92
190.13 226.62 -25.92
193.57 225.5 -34.56
196.3 225.52 -34.56
198.98 225.46 -34.56
201.69 224.81 -34.56
204.34 223.67 -34.56
206.8 222.32 -34.56
208.99 220.92 -34.56
211.06 219.16 -34.56
213.01 217.11 -34.56
214.83 214.87 -34.56
216.47 212.55 -34.56
217.96 210.26 -34.56
219.47 207.82 -34.56
220.55 205.27 -34.56
220.83 202.64 -34.56
220.99 199.89 -34.56
221.1 197.08 -34.56
221.18 194.27 -34.56
221.21 191.52 -34.56
221.01 188.87 -34.56
220.18 186.3 -34.56
218.97 183.76 -34.56
217.63 181.22 -34.56
216.43 178.66 -34.56
215.61 176 -34.56
215.07 173.2 -34.56
214.13 170.91 -34.56
212.42 168.84 -34.56
210.17 166.95 -34.56
207.65 165.31 -34.56
205.14 163.99 -34.56
202.71 162.91 -34.56
200.13 161.86 -34.56
197.45 160.93 -34.56
194.7 160.23 -34.56
191.95 159.84 -34.56
189.23 159.8 -34.56
186.47 159.8 -34.56
183.69 159.8 -34.56
180.93 159.8 -34.56
178.19 159.9 -34.56
175.45 160.34 -34.56
172.73 161 -34.56
170.06 161.78 -34.56
167.46 162.61 -34.56
164.81 163.72 -34.56
162.4 165.11 -34.56
160.43 166.76 -34.56
158.62 168.87 -34.56
157.01 171.3 -34.56
155.75 173.85 -34.56
154.89 176.38 -34.56
154.16 179.04 -34.56
153.58 181.8 -34.56
153.27 184.57 -34.56
153.27 187.32 -34.56
153.44 190.09 -34.56
153.71 192.88 -34.56
154.07 195.62 -34.56
154.49 198.3 -34.56
155.25 200.87 -34.56
156.44 203.38 -34.56
157.78 205.86 -34.56
158.98 208.38 -34.56
159.86 211.14 -34.56
160.74 213.85 -34.56
162 215.88 -34.56
164.1 217.44 -34.56
166.72 218.76 -34.56
169.44 219.93 -34.56
171.99 221 -34.56
174.59 221.95 -34.56
177.23 222.77 -34.56
179.88 223.5 -34.56
182.55 224.17 -34.56
185.25 224.77 -34.56
187.98 225.27 -34.56
187.98 225.27 -34.56
190.8 225.42 -34.56
190.8 225.42 -34.56
193.57 222.42 -43.2
196.04 221.91 -43.2
198.5 221.18 -43.2
198.5 221.18 -43.2
201.06 220.7 -43.2
203.5 219.96 -43.2
205.78 219.05 -43.2
207.94 217.97 -43.2
210.11 216.54 -43.2
212.13 214.82 -43.2
213.79 212.93 -43.2
214.92 210.9 -43.2
215.72 208.5 -43.2
216.45 206.03 -43.2
217.31 203.64 -43.2
218.28 201.23 -43.2
219.24 198.82 -43.2
220.08 196.42 -43.2
220.69 194.02 -43.2
220.96 191.65 -43.2
220.72 189.29 -43.2
219.94 186.93 -43.2
218.82 184.59 -43.2
217.55 182.29 -43.2
216.34 180.06 -43.2
215.16 177.78 -43.2
213.86 175.53 -43.2
212.37 173.57 -43.2
210.6 172.05 -43.2
208.43 170.79 -43.2
206.07 169.67 -43.2
203.77 168.63 -43.2
201.48 167.55 -43.2
199.15 166.48 -43.2
196.79 165.53 -43.2
194.41 164.78 -43.2
191.99 164.34 -43.2
189.54 164.11 -43.2
187.04 163.91 -43.2
184.51 163.76 -43.2
181.99 163.67 -43.2
179.48 163.68 -43.2
176.93 163.86 -43.2
174.39 164.19 -43.2
171.96 164.64 -43.2
169.67 165.26 -43.2
167.43 166.44 -43.2
165.31 168.02 -43.2
163.42 169.78 -43.2
161.8 171.55 -43.2
160.2 173.59 -43.2
158.78 175.82 -43.2
157.76 178.15 -43.2
157.29 180.48 -43.2
156.98 182.92 -43.2
156.73 185.45 -43.2
156.54 188.01 -43.2
156.43 190.56 -43.2
156.39 193.02 -43.2
156.68 195.43 -43.2
157.42 197.81 -43.2
158.46 200.16 -43.2
159.66 202.47 -43.2
160.89 204.74 -43.2
162.04 206.96 -43.2
163.23 209.29 -43.2
164.54 211.59 -43.2
165.98 213.71 -43.2
167.56 215.49 -43.2
169.35 216.87 -43.2
171.47 218.09 -43.2
173.83 219.17 -43.2
176.3 220.09 -43.2
178.77 220.83 -43.2
181.17 221.42 -43.2
183.64 221.98 -43.2
186.13 222.43 -43.2
188.63 222.69 -43.2
191.1 222.69 -43.2
191.1 222.69 -43.2
193.87 221.51 -51.84
196.14 221.41 -51.84
198.46 221.01 -51.84
200.76 220.38 -51.84
202.92 219.58 -51.84
204.85 218.72 -51.84
206.6 217.53 -51.84
208.22 215.9 -51.84
209.73 214.01 -51.84
211.1 212.06 -51.84
212.37 210.18 -51.84
213.68 208.24 -51.84
214.91 206.22 -51.84
215.91 204.14 -51.84
216.51 202.01 -51.84
216.76 199.83 -51.84
216.97 197.56 -51.84
217.13 195.25 -51.84
217.22 192.95 -51.84
217.24 190.69 -51.84
216.97 188.44 -51.84
216.39 186.19 -51.84
215.62 184 -51.84
214.79 181.89 -51.84
213.89 179.81 -51.84
212.77 177.66 -51.84
211.46 175.6 -51.84
210.01 173.81 -51.84
208.44 172.44 -51.84
206.66 171.44 -51.84
204.57 170.6 -51.84
202.3 169.88 -51.84
199.97 169.25 -51.84
197.73 168.7 -51.84
195.52 168.13 -51.84
193.29 167.57 -51.84
191.04 167.09 -51.84
188.79 166.73 -51.84
186.54 166.56 -51.84
184.29 166.61 -51.84
182.04 166.83 -51.84
179.79 167.21 -51.84
177.53 167.75 -51.84
177.53 167.75 -51.84
175.09 168.13 -51.84
172.86 168.83 -51.84
170.85 169.75 -51.84
169.1 170.83 -51.84
167.54 172.45 -51.84
166.14 174.4 -51.84
164.89 176.36 -51.84
163.58 178.3 -51.84
162.27 180.32 -51.84
161.2 182.39 -51.84
160.62 184.52 -51.84
160.6 186.69 -51.84
160.72 188.95 -51.84
160.91 191.27 -51.84
161.17 193.58 -51.84
161.48 195.84 -51.84
161.91 198.01 -51.84
162.71 200.14 -51.84
163.75 202.23 -51.84
164.86 204.24 -51.84
165.95 206.23 -51.84
167.13 208.28 -51.84
168.38 210.33 -51.84
169.72 212.31 -51.84
171.14 214.15 -51.84
172.66 215.8 -51.84
174.27 217.2 -51.84
176.04 218.37 -51.84
178.08 219.48 -51.84
180.28 220.39 -51.84
182.52 220.94 -51.84
184.72 221.13 -51.84
186.99 221.28 -51.84
189.29 221.4 -51.84
191.59 221.47 -51.84
191.59 221.47 -51.84
194.18 218.61 -60.48
196.25 218.41 -60.48
198.3 218.14 -60.48
200.28 217.81 -60.48
202.15 217.43 -60.48
204.07 216.74 -60.48
206.01 215.72 -60.48
207.84 214.46 -60.48
209.41 213.06 -60.48
210.61 211.61 -60.48
211.48 210.1 -60.48
212.31 208.35 -60.48
213.07 206.42 -60.48
213.72 204.37 -60.48
214.23 202.26 -60.48
214.57 200.15 -60.48
214.7 198.11 -60.48
214.67 196.1 -60.48
214.59 194.06 -60.48
214.47 192.01 -60.48
214.3 189.99 -60.48
214.09 188.04 -60.48
213.61 186.07 -60.48
212.87 184.12 -60.48
211.95 182.22 -60.48
210.9 180.43 -60.48
209.82 178.79 -60.48
208.59 177.27 -60.48
207.09 175.84 -60.48
205.43 174.54 -60.48
203.73 173.45 -60.48
201.99 172.49 -60.48
200.15 171.53 -60.48
198.23 170.66 -60.48
196.27 170 -60.48
194.29 169.64 -60.48
192.32 169.61 -60.48
190.29 169.66 -60.48
188.22 169.75 -60.48
186.17 169.87 -60.48
184.17 170.03 -60.48
182.24 170.26 -60.48
180.37 170.85 -60.48
178.53 171.74 -60.48
176.74 172.84 -60.48
174.98 174.05 -60.48
174.98 174.05 -60.48
172.55 174.58 -60.48
170.36 175.37 -60.48
168.54 176.36 -60.48
167.22 177.5 -60.48
166.47 178.8 -60.48
165.88 180.54 -60.48
165.4 182.61 -60.48
165.05 184.83 -60.48
164.89 187 -60.48
164.91 189.03 -60.48
165.01 191.08 -60.48
165.19 193.14 -60.48
165.42 195.17 -60.48
165.68 197.12 -60.48
166.05 199.02 -60.48
166.67 200.95 -60.48
167.51 202.88 -60.48
168.53 204.79 -60.48
169.7 206.62 -60.48
170.97 208.34 -60.48
172.3 209.92 -60.48
173.67 211.33 -60.48
175.05 212.53 -60.48
176.67 213.6 -60.48
178.5 214.57 -60.48
180.43 215.44 -60.48
182.38 216.21 -60.48
184.28 216.92 -60.48
186.2 217.66 -60.48
188.16 218.3 -60.48
190.14 218.68 -60.48
192.13 218.72 -60.48
192.13 218.72 -60.48
193.91 214.9 -69.12
193.91 214.9 -69.12
195.45 214.93 -69.12
197.01 214.7 -69.12
198.59 214.21 -69.12
200.15 213.53 -69.12
201.66 212.71 -69.12
203.09 211.83 -69.12
204.4 210.93 -69.12
205.67 210 -69.12
207.05 208.88 -69.12
208.33 207.6 -69.12
209.3 206.23 -69.12
209.73 204.83 -69.12
209.72 203.38 -69.12
209.66 201.82 -69.12
209.56 200.18 -69.12
209.44 198.5 -69.12
209.29 196.82 -69.12
209.13 195.16 -69.12
208.95 193.55 -69.12
208.71 191.88 -69.12
208.41 190.18 -69.12
208.04 188.49 -69.12
207.61 186.86 -69.12
207.13 185.32 -69.12
206.6 183.91 -69.12
206.01 182.69 -69.12
205.29 181.54 -69.12
204.39 180.43 -69.12
203.34 179.36 -69.12
202.14 178.35 -69.12
200.8 177.39 -69.12
199.33 176.49 -69.12
197.76 175.66 -69.12
196.07 174.92 -69.12
194.3 174.26 -69.12
192.45 173.69 -69.12
192.45 173.69 -69.12
190.28 173.71 -69.12
188.23 173.79 -69.12
186.29 173.9 -69.12
184.49 174.07 -69.12
182.82 174.28 -69.12
181.29 174.52 -69.12
179.9 174.81 -69.12
178.68 175.14 -69.12
177.61 175.5 -69.12
176.7 175.96 -69.12
175.87 176.97 -69.12
175.14 178.48 -69.12
174.5 180.25 -69.12
173.98 182.08 -69.12
173.59 183.75 -69.12
173.29 185.33 -69.12
173.05 186.94 -69.12
172.91 188.56 -69.12
172.79 190.19 -69.12
172.69 191.84 -69.12
172.6 193.5 -69.12
172.52 195.14 -69.12
172.47 196.77 -69.12
172.43 198.35 -69.12
172.42 199.87 -69.12
172.68 201.38 -69.12
173.36 202.87 -69.12
174.33 204.31 -69.12
175.42 205.66 -69.12
176.49 206.86 -69.12
177.58 207.97 -69.12
178.8 209.05 -69.12
180.14 210.07 -69.12
181.55 210.99 -69.12
183 211.79 -69.12
184.46 212.44 -69.12
185.93 212.98 -69.12
187.48 213.5 -69.12
189.07 213.98 -69.12
190.69 214.39 -69.12
192.31 214.71 -69.12
193.46 207.68 -77.76
193.46 207.68 -77.76
194.66 207.52 -77.76
195.8 207.25 -77.76
196.87 206.9 -77.76
197.85 206.49 -77.76
198.72 206.02 -77.76
199.46 205.51 -77.76
200.14 204.91 -77.76
200.82 204.13 -77.76
201.47 203.21 -77.76
202.06 202.2 -77.76
202.55 201.13 -77.76
202.92 200.05 -77.76
203.13 199 -77.76
203.19 197.98 -77.76
203.22 196.89 -77.76
203.24 195.71 -77.76
203.26 194.48 -77.76
203.28 193.23 -77.76
203.3 191.97 -77.76
203.32 190.74 -77.76
203.33 189.56 -77.76
203.34 188.45 -77.76
203.35 187.44 -77.76
203.35 186.56 -77.76
203.35 185.83 -77.76
203.35 185.28 -77.76
203.1 184.81 -77.76
202.47 184.35 -77.76
201.54 183.92 -77.76
200.4 183.53 -77.76
199.11 183.19 -77.76
197.77 182.91 -77.76
196.44 182.71 -77.76
195.21 182.59 -77.76
194.14 182.58 -77.76
193.09 182.65 -77.76
192.02 182.77 -77.76
190.95 182.91 -77.76
189.89 183.04 -77.76
188.84 183.11 -77.76
187.79 183.06 -77.76
186.73 182.69 -77.76
185.7 182.27 -77.76
184.78 182.11 -77.76
183.86 182.32 -77.76
182.89 182.81 -77.76
181.92 183.51 -77.76
181.01 184.39 -77.76
180.19 185.37 -77.76
179.52 186.4 -77.76
179.04 187.43 -77.76
178.81 188.4 -77.76
178.81 189.31 -77.76
178.86 190.29 -77.76
178.94 191.33 -77.76
179.06 192.43 -77.76
179.22 193.55 -77.76
179.4 194.69 -77.76
179.61 195.84 -77.76
179.85 196.96 -77.76
180.11 198.06 -77.76
180.39 199.11 -77.76
180.69 200.09 -77.76
181 200.99 -77.76
181.35 201.81 -77.76
181.87 202.65 -77.76
182.55 203.48 -77.76
183.36 204.29 -77.76
184.27 205.04 -77.76
185.24 205.72 -77.76
186.23 206.29 -77.76
187.22 206.72 -77.76
188.17 207 -77.76
189.15 207.21 -77.76
190.17 207.39 -77.76
191.23 207.54 -77.76
192.33 207.64 -77.76
193.46 207.68 -77.76
