238.98 232.36 0
241.2 230.71 0
243.3 228.76 0
245.31 226.49 0
247.17 224.01 0
248.83 221.38 0
250.23 218.71 0
251.31 216.07 0
252.28 213.34 0
253.2 210.5 0
253.98 207.57 0
254.56 204.62 0
254.85 201.66 0
254.87 198.71 0
254.83 195.68 0
254.76 192.65 0
254.66 189.73 0
254.48 187.01 0
253.62 184.36 0
252.07 181.77 0
250.08 179.28 0
247.85 176.96 0
245.62 174.85 0
243.49 172.91 0
241.12 170.94 0
238.55 169.19 0
235.87 167.98 0
233.14 167.47 0
230.29 167.14 0
227.3 166.91 0
224.21 166.82 0
224.21 166.82 0
221.19 166.49 0
218.22 166.32 0
215.28 166.26 0
212.4 166.24 0
209.51 166.53 0
206.61 167.42 0
203.81 168.67 0
201.21 170.05 0
198.86 171.59 0
196.7 173.58 0
194.64 175.82 0
192.62 178.1 0
190.49 180.23 0
188.05 182.32 0
185.64 184.44 0
183.63 186.65 0
182.4 189.03 0
181.98 191.66 0
181.67 194.61 0
181.47 197.68 0
181.39 200.69 0
181.6 203.6 0
182.25 206.49 0
183.17 209.36 0
184.2 212.17 0
185.2 214.94 0
186.28 217.78 0
187.51 220.62 0
188.88 223.34 0
190.41 225.81 0
192.12 227.93 0
194.2 229.79 0
196.64 231.5 0
199.32 233.04 0
202.08 234.42 0
204.78 235.63 0
207.53 236.88 0
210.36 237.91 0
213.22 238.29 0
216.14 238.2 0
219.11 237.99 0
222.11 237.68 0
222.11 237.68 0
225.07 237.28 0
227.97 236.81 0
230.79 236.24 0
233.65 235.25 0
236.43 233.91 0
234.57 225.65 -8.64
236.85 224.58 -8.64
239.01 223.38 -8.64
241.14 221.85 -8.64
243.19 220.05 -8.64
245.11 218.07 -8.64
246.84 215.99 -8.64
248.33 213.87 -8.64
249.67 211.7 -8.64
251.02 209.35 -8.64
252.25 206.88 -8.64
253.2 204.35 -8.64
253.71 201.8 -8.64
253.71 199.28 -8.64
253.43 196.71 -8.64
252.97 194.1 -8.64
252.38 191.49 -8.64
251.73 188.89 -8.64
251.09 186.33 -8.64
250.44 183.68 -8.64
249.7 180.98 -8.64
248.83 178.42 -8.64
247.78 176.21 -8.64
246.39 174.38 -8.64
244.39 172.65 -8.64
242 171.12 -8.64
239.44 169.92 -8.64
236.96 169.17 -8.64
234.46 168.67 -8.64
231.84 168.24 -8.64
229.17 167.94 -8.64
226.52 167.8 -8.64
223.86 167.85 -8.64
221.14 168.04 -8.64
218.44 168.36 -8.64
215.87 168.8 -8.64
213.52 169.33 -8.64
211.4 170.63 -8.64
209.44 172.62 -8.64
207.59 174.62 -8.64
205.87 176.57 -8.64
204.24 178.64 -8.64
202.66 180.76 -8.64
201.08 182.87 -8.64
199.42 184.91 -8.64
197.63 186.88 -8.64
195.78 188.81 -8.64
194 190.77 -8.64
192.4 192.82 -8.64
191.05 194.99 -8.64
189.67 197.32 -8.64
188.38 199.76 -8.64
187.39 202.25 -8.64
186.94 204.74 -8.64
187.04 207.26 -8.64
187.42 209.88 -8.64
188.05 212.55 -8.64
188.86 215.21 -8.64
189.81 217.79 -8.64
190.87 220.25 -8.64
191.98 222.51 -8.64
193.19 224.64 -8.64
194.83 226.96 -8.64
196.8 229.22 -8.64
198.99 231.11 -8.64
201.26 232.32 -8.64
203.5 232.61 -8.64
205.78 232.59 -8.64
208.14 232.52 -8.64
210.6 232.35 -8.64
213.15 232.04 -8.64
215.79 231.55 -8.64
218.52 230.84 -8.64
221.34 229.85 -8.64
224.25 228.56 -8.64
224.25 228.56 -8.64
224.25 228.56 -8.64
227 228.11 -8.64
229.64 227.45 -8.64
232.17 226.62 -8.64
236.76 233.44 -17.28
239.77 232.88 -17.28
242.34 232.15 -17.28
244.46 231.07 -17.28
246.6 229.47 -17.28
248.71 227.42 -17.28
250.74 225 -17.28
252.64 222.3 -17.28
254.36 219.39 -17.28
255.84 216.35 -17.28
257.02 213.27 -17.28
257.86 210.22 -17.28
258.3 207.29 -17.28
258.35 204.49 -17.28
258.33 201.54 -17.28
258.28 198.5 -17.28
258.21 195.46 -17.28
258.12 192.54 -17.28
257.92 189.77 -17.28
257.15 187.01 -17.28
255.87 184.25 -17.28
254.19 181.57 -17.28
252.26 179.02 -17.28
250.2 176.67 -17.28
248.14 174.58 -17.28
246.12 172.74 -17.28
243.83 170.94 -17.28
241.29 169.23 -17.28
238.59 167.7 -17.28
235.8 166.42 -17.28
233 165.46 -17.28
230.2 164.85 -17.28
227.25 164.33 -17.28
224.23 163.89 -17.28
221.23 163.57 -17.28
218.39 163.43 -17.28
215.76 163.82 -17.28
213.26 165.2 -17.28
210.84 167.17 -17.28
208.45 169.31 -17.28
206.02 171.21 -17.28
203.42 172.77 -17.28
200.71 174.29 -17.28
198.15 175.88 -17.28
196.02 177.67 -17.28
194.38 179.77 -17.28
192.89 182.17 -17.28
191.59 184.85 -17.28
190.53 187.77 -17.28
189.78 190.91 -17.28
189.78 190.91 -17.28
188.77 193.79 -17.28
187.92 196.68 -17.28
187.24 199.57 -17.28
186.74 202.47 -17.28
186.43 205.37 -17.28
186.31 208.27 -17.28
186.4 211.27 -17.28
186.66 214.4 -17.28
187.08 217.49 -17.28
187.61 220.4 -17.28
188.24 222.97 -17.28
189.24 225.26 -17.28
191.02 227.52 -17.28
193.38 229.66 -17.28
196.1 231.57 -17.28
198.96 233.17 -17.28
201.75 234.35 -17.28
204.41 235.15 -17.28
207.24 235.88 -17.28
210.2 236.5 -17.28
213.21 236.95 -17.28
216.19 237.18 -17.28
219.09 237.12 -17.28
221.99 236.69 -17.28
224.88 236.03 -17.28
224.88 236.03 -17.28
227.77 235.27 -17.28
230.66 234.54 -17.28
233.62 233.96 -17.28
235.16 230.42 -25.92
237.73 229.27 -25.92
240.18 228.01 -25.92
242.51 226.66 -25.92
244.72 225.2 -25.92
246.91 223.46 -25.92
249.01 221.48 -25.92
250.97 219.32 -25.92
252.74 217.05 -25.92
254.24 214.75 -25.92
255.66 212.37 -25.92
257.06 209.81 -25.92
258.25 207.15 -25.92
259.02 204.44 -25.92
259.18 201.72 -25.92
259.08 198.94 -25.92
258.9 196.11 -25.92
258.66 193.3 -25.92
258.37 190.44 -25.92
257.94 187.53 -25.92
257.34 184.89 -25.92
256.3 182.72 -25.92
254.42 180.79 -25.92
252.02 179.02 -25.92
249.44 177.33 -25.92
247.03 175.64 -25.92
244.83 173.81 -25.92
242.6 171.91 -25.92
240.31 170.2 -25.92
237.92 168.94 -25.92
235.35 168.2 -25.92
232.55 167.56 -25.92
229.68 167.06 -25.92
226.86 166.75 -25.92
224.24 166.77 -25.92
221.8 167.92 -25.92
219.44 169.75 -25.92
217.04 171.42 -25.92
214.54 172.73 -25.92
212.01 174 -25.92
209.54 175.34 -25.92
207.23 176.84 -25.92
205.02 178.57 -25.92
202.89 180.47 -25.92
200.91 182.49 -25.92
199.15 184.6 -25.92
197.54 186.83 -25.92
196.03 189.18 -25.92
194.61 191.62 -25.92
193.26 194.13 -25.92
191.96 196.66 -25.92
190.7 199.2 -25.92
189.41 201.71 -25.92
187.92 204.23 -25.92
186.57 206.79 -25.92
185.77 209.4 -25.92
185.75 212.11 -25.92
186.04 215.01 -25.92
186.54 217.94 -25.92
187.19 220.73 -25.92
187.95 223.21 -25.92
189.17 225.52 -25.92
191.16 227.82 -25.92
193.59 229.77 -25.92
196.11 231.04 -25.92
198.59 231.59 -25.92
201.32 232.01 -25.92
204.2 232.33 -25.92
207.11 232.55 -25.92
209.96 232.66 -25.92
212.75 232.74 -25.92
215.55 232.81 -25.92
218.36 232.86 -25.92
221.16 232.9 -25.92
223.97 232.93 -25.92
226.78 232.94 -25.92
226.78 232.94 -25.92
226.78 232.94 -25.92
229.68 232.28 -25.92
232.47 231.43 -25.92
234.89 229.33 -34.56
237.56 228.19 -34.56
240.28 227.08 -34.56
242.99 225.95 -34.56
245.63 224.78 -34.56
248.15 223.49 -34.56
250.5 222.06 -34.56
252.75 220.4 -34.56
255.14 218.46 -34.56
257.36 216.29 -34.56
259.12 213.95 -34.56
260.09 211.53 -34.56
260.52 208.92 -34.56
260.87 206.05 -34.56
261.12 203.08 -34.56
261.25 200.14 -34.56
261.16 197.31 -34.56
260.66 194.46 -34.56
259.85 191.64 -34.56
258.84 188.9 -34.56
257.78 186.31 -34.56
256.54 183.78 -34.56
254.97 181.25 -34.56
253.14 178.85 -34.56
251.14 176.73 -34.56
249.05 175 -34.56
246.71 173.68 -34.56
244.04 172.59 -34.56
241.25 171.57 -34.56
238.54 170.47 -34.56
235.99 168.97 -34.56
233.47 167.35 -34.56
230.88 166.39 -34.56
228.16 166.52 -34.56
225.32 167.11 -34.56
222.49 167.86 -34.56
219.71 168.6 -34.56
216.89 169.44 -34.56
214.13 170.44 -34.56
211.58 171.6 -34.56
209.35 173.06 -34.56
207.36 175.06 -34.56
205.5 177.35 -34.56
203.63 179.65 -34.56
201.7 181.76 -34.56
199.75 183.85 -34.56
197.81 185.95 -34.56
195.87 188.05 -34.56
195.87 188.05 -34.56
194.14 190.35 -34.56
192.49 192.69 -34.56
190.92 195.08 -34.56
189.39 197.51 -34.56
187.64 199.98 -34.56
186.01 202.5 -34.56
185 205.08 -34.56
184.93 207.75 -34.56
185.33 210.57 -34.56
185.99 213.45 -34.56
186.83 216.28 -34.56
187.75 218.96 -34.56
188.87 221.65 -34.56
190.37 224.38 -34.56
192.13 226.82 -34.56
194.08 228.63 -34.56
196.26 229.77 -34.56
198.86 230.71 -34.56
201.74 231.49 -34.56
204.73 232.15 -34.56
207.67 232.72 -34.56
210.49 233.27 -34.56
213.35 233.82 -34.56
216.22 234.32 -34.56
219.07 234.71 -34.56
221.86 234.91 -34.56
224.56 234.7 -34.56
227.17 233.69 -34.56
227.17 233.69 -34.56
229.74 232.22 -34.56
232.31 230.65 -34.56
235.46 228 -43.2
237.95 226.92 -43.2
240.36 225.77 -43.2
242.73 224.54 -43.2
245.1 223.19 -43.2
247.42 221.72 -43.2
249.65 220.14 -43.2
251.74 218.46 -43.2
253.65 216.68 -43.2
255.47 214.72 -43.2
257.19 212.54 -43.2
258.6 210.22 -43.2
259.52 207.81 -43.2
260.28 205.24 -43.2
260.93 202.56 -43.2
261.36 199.86 -43.2
261.49 197.23 -43.2
261.16 194.61 -43.2
260.41 191.98 -43.2
259.38 189.39 -43.2
258.2 186.9 -43.2
257.02 184.57 -43.2
255.66 182.31 -43.2
254.03 180.09 -43.2
252.19 177.99 -43.2
250.23 176.08 -43.2
248.2 174.42 -43.2
246.04 172.95 -43.2
243.68 171.57 -43.2
241.19 170.38 -43.2
238.65 169.45 -43.2
236.09 168.78 -43.2
233.4 168.19 -43.2
230.68 167.72 -43.2
228.07 167.48 -43.2
225.62 167.72 -43.2
223.26 168.79 -43.2
220.98 170.41 -43.2
218.75 172.26 -43.2
216.56 174.05 -43.2
214.4 175.64 -43.2
212.29 177.3 -43.2
210.24 179.04 -43.2
208.24 180.83 -43.2
206.31 182.68 -43.2
204.47 184.63 -43.2
202.64 186.61 -43.2
200.78 188.54 -43.2
198.86 190.41 -43.2
196.91 192.26 -43.2
194.94 194.08 -43.2
194.94 194.08 -43.2
193.5 196.51 -43.2
192.26 198.99 -43.2
191.42 201.51 -43.2
191.18 204.08 -43.2
191.18 206.74 -43.2
191.18 209.45 -43.2
191.18 212.15 -43.2
191.23 214.86 -43.2
191.58 217.76 -43.2
192.21 220.63 -43.2
193.03 223.16 -43.2
193.99 225.06 -43.2
195.71 226.61 -43.2
198.2 227.96 -43.2
201.04 229.07 -43.2
203.82 229.87 -43.2
206.38 230.44 -43.2
209.02 230.96 -43.2
211.71 231.38 -43.2
214.41 231.63 -43.2
217.08 231.69 -43.2
219.75 231.53 -43.2
222.44 231.2 -43.2
225.11 230.74 -43.2
227.75 230.21 -43.2
230.35 229.65 -43.2
230.35 229.65 -43.2
232.92 228.94 -43.2
236.65 228.56 -51.84
239.32 227.87 -51.84
241.91 227.05 -51.84
244.38 226.1 -51.84
246.78 224.81 -51.84
249.09 223.26 -51.84
251.26 221.61 -51.84
253.39 219.9 -51.84
255.53 218.04 -51.84
257.47 216.03 -51.84
259.01 213.9 -51.84
260.16 211.6 -51.84
261.24 209.09 -51.84
262.2 206.42 -51.84
262.92 203.69 -51.84
263.33 200.99 -51.84
263.29 198.38 -51.84
262.67 195.76 -51.84
261.66 193.16 -51.84
260.5 190.61 -51.84
259.39 188.15 -51.84
258.12 185.74 -51.84
256.7 183.39 -51.84
255.15 181.13 -51.84
253.53 178.97 -51.84
251.77 176.82 -51.84
249.85 174.85 -51.84
247.75 173.28 -51.84
245.42 171.88 -51.84
242.9 170.64 -51.84
240.3 169.71 -51.84
237.68 169.22 -51.84
235.01 168.89 -51.84
232.27 168.64 -51.84
229.53 168.49 -51.84
226.83 168.49 -51.84
224.13 168.86 -51.84
221.45 169.53 -51.84
218.83 170.36 -51.84
216.3 171.24 -51.84
213.87 172.31 -51.84
211.49 173.63 -51.84
209.19 175.16 -51.84
206.97 176.85 -51.84
206.97 176.85 -51.84
204.98 178.76 -51.84
203.08 180.73 -51.84
201.29 182.78 -51.84
199.6 184.89 -51.84
198.02 187.06 -51.84
196.43 189.31 -51.84
194.88 191.64 -51.84
193.55 194.04 -51.84
192.58 196.51 -51.84
191.93 199.08 -51.84
191.36 201.76 -51.84
190.95 204.49 -51.84
190.76 207.21 -51.84
190.86 209.99 -51.84
191.18 212.86 -51.84
191.67 215.58 -51.84
192.3 217.9 -51.84
193.77 219.81 -51.84
196.08 221.51 -51.84
198.59 223.15 -51.84
200.75 224.96 -51.84
202.77 227.21 -51.84
204.81 229.3 -51.84
206.99 230.55 -51.84
209.39 230.63 -51.84
212.03 230.46 -51.84
214.81 230.22 -51.84
217.64 229.97 -51.84
220.39 229.78 -51.84
223.11 229.66 -51.84
225.84 229.56 -51.84
228.56 229.45 -51.84
231.26 229.31 -51.84
231.26 229.31 -51.84
233.95 229.05 -51.84
235.69 222.22 -60.48
237.46 220.95 -60.48
239.2 219.59 -60.48
239.2 219.59 -60.48
241.17 218.67 -60.48
243.04 217.64 -60.48
244.8 216.52 -60.48
246.45 215.3 -60.48
247.99 214 -60.48
249.4 212.64 -60.48
250.71 211.2 -60.48
252.12 209.61 -60.48
253.48 207.87 -60.48
254.61 206.04 -60.48
255.29 204.16 -60.48
255.39 202.28 -60.48
255.2 200.31 -60.48
254.86 198.28 -60.48
254.4 196.22 -60.48
253.86 194.17 -60.48
253.29 192.19 -60.48
252.68 190.28 -60.48
251.92 188.32 -60.48
251 186.38 -60.48
249.96 184.54 -60.48
248.81 182.85 -60.48
247.59 181.39 -60.48
246.17 180.09 -60.48
244.49 178.85 -60.48
242.65 177.74 -60.48
240.73 176.82 -60.48
238.83 176.17 -60.48
236.86 175.66 -60.48
234.77 175.19 -60.48
232.63 174.78 -60.48
230.52 174.45 -60.48
228.53 174.24 -60.48
226.75 174.17 -60.48
225.15 174.61 -60.48
223.67 175.77 -60.48
222.27 177.42 -60.48
220.92 179.32 -60.48
219.58 181.25 -60.48
218.23 182.98 -60.48
216.84 184.48 -60.48
215.46 185.99 -60.48
214.1 187.52 -60.48
212.79 189.08 -60.48
211.54 190.69 -60.48
210.2 192.33 -60.48
208.77 194 -60.48
207.31 195.7 -60.48
205.87 197.43 -60.48
204.49 199.17 -60.48
203.23 200.92 -60.48
202.15 202.68 -60.48
201.29 204.44 -60.48
200.7 206.2 -60.48
200.44 207.95 -60.48
200.7 209.74 -60.48
201.64 211.6 -60.48
202.95 213.41 -60.48
204.3 215.04 -60.48
205.61 216.55 -60.48
207.08 218.12 -60.48
208.69 219.63 -60.48
210.39 220.99 -60.48
212.15 222.1 -60.48
213.96 222.85 -60.48
215.78 223.19 -60.48
217.72 223.45 -60.48
219.76 223.67 -60.48
221.86 223.86 -60.48
223.98 224.01 -60.48
226.09 224.12 -60.48
228.16 224.19 -60.48
230.13 224.22 -60.48
232.02 223.98 -60.48
232.02 223.98 -60.48
233.87 223.27 -60.48
235.26 223.11 -69.12
237.16 222.12 -69.12
239.03 221.06 -69.12
240.85 220.01 -69.12
242.66 219.03 -69.12
244.61 218.02 -69.12
246.64 216.95 -69.12
248.66 215.82 -69.12
250.57 214.61 -69.12
252.26 213.33 -69.12
253.63 211.97 -69.12
254.59 210.51 -69.12
255.13 208.93 -69.12
255.6 207.08 -69.12
256.02 205.03 -69.12
256.36 202.86 -69.12
256.63 200.66 -69.12
256.79 198.51 -69.12
256.84 196.49 -69.12
256.56 194.52 -69.12
255.87 192.55 -69.12
254.9 190.62 -69.12
253.77 188.77 -69.12
252.6 187.05 -69.12
251.43 185.46 -69.12
250.03 183.91 -69.12
248.46 182.46 -69.12
246.79 181.19 -69.12
245.09 180.16 -69.12
243.28 179.16 -69.12
241.36 178.22 -69.12
239.37 177.47 -69.12
237.36 177.02 -69.12
235.36 176.95 -69.12
233.29 176.95 -69.12
231.16 176.95 -69.12
229.03 176.95 -69.12
226.93 176.95 -69.12
224.92 176.95 -69.12
223.03 176.96 -69.12
221.25 177.49 -69.12
219.54 178.65 -69.12
217.9 180.19 -69.12
216.34 181.87 -69.12
216.34 181.87 -69.12
214.14 182.69 -69.12
212.09 183.68 -69.12
210.25 184.81 -69.12
208.66 186.06 -69.12
207.37 187.41 -69.12
206.41 188.87 -69.12
205.54 190.6 -69.12
204.73 192.55 -69.12
204.06 194.65 -69.12
203.58 196.78 -69.12
203.34 198.87 -69.12
203.36 200.89 -69.12
203.54 202.95 -69.12
203.85 205.03 -69.12
204.26 207.1 -69.12
204.76 209.15 -69.12
205.31 211.13 -69.12
205.89 213.02 -69.12
206.61 214.98 -69.12
207.59 217.08 -69.12
208.77 219.12 -69.12
210.1 220.93 -69.12
211.53 222.28 -69.12
213 222.99 -69.12
214.65 223.37 -69.12
216.53 223.7 -69.12
218.58 223.99 -69.12
220.76 224.24 -69.12
222.98 224.43 -69.12
225.21 224.58 -69.12
227.37 224.66 -69.12
229.41 224.69 -69.12
231.38 224.48 -69.12
231.38 224.48 -69.12
233.33 223.92 -69.12
233.78 224.19 -77.76
235.45 223.71 -77.76
237.17 223.07 -77.76
237.17 223.07 -77.76
238.58 222.24 -77.76
239.92 221.33 -77.76
241.18 220.37 -77.76
242.36 219.34 -77.76
243.43 218.25 -77.76
244.42 217.09 -77.76
245.36 215.82 -77.76
246.24 214.48 -77.76
247.05 213.09 -77.76
247.81 211.67 -77.76
248.49 210.25 -77.76
249.18 208.82 -77.76
249.89 207.35 -77.76
250.54 205.85 -77.76
251.05 204.34 -77.76
251.32 202.82 -77.76
251.31 201.3 -77.76
251.11 199.71 -77.76
250.77 198.08 -77.76
250.31 196.46 -77.76
249.75 194.91 -77.76
249.14 193.47 -77.76
248.49 192.18 -77.76
247.68 191.01 -77.76
246.56 189.87 -77.76
245.25 188.81 -77.76
243.82 187.89 -77.76
242.38 187.14 -77.76
240.97 186.58 -77.76
239.5 186.06 -77.76
237.95 185.58 -77.76
236.37 185.2 -77.76
234.78 184.95 -77.76
233.22 184.87 -77.76
231.65 184.97 -77.76
230.05 185.2 -77.76
228.46 185.54 -77.76
226.9 185.94 -77.76
225.42 186.39 -77.76
224 186.86 -77.76
222.47 187.48 -77.76
220.85 188.24 -77.76
219.21 189.12 -77.76
217.62 190.11 -77.76
216.15 191.19 -77.76
214.85 192.34 -77.76
213.79 193.54 -77.76
213.05 194.76 -77.76
212.68 196 -77.76
212.65 197.27 -77.76
212.66 198.7 -77.76
212.67 200.26 -77.76
212.7 201.91 -77.76
212.73 203.6 -77.76
212.76 205.29 -77.76
212.81 206.94 -77.76
212.86 208.51 -77.76
213.04 210.03 -77.76
213.46 211.56 -77.76
214.08 213.09 -77.76
214.83 214.57 -77.76
215.67 215.98 -77.76
216.54 217.31 -77.76
217.4 218.53 -77.76
218.39 219.83 -77.76
219.51 221.17 -77.76
220.73 222.45 -77.76
222.04 223.57 -77.76
223.4 224.41 -77.76
224.78 224.87 -77.76
226.15 224.92 -77.76
227.58 224.91 -77.76
229.05 224.85 -77.76
230.58 224.73 -77.76
232.16 224.52 -77.76
233.78 224.19 -77.76
