237.71 247.76 0
241.72 245.73 0
245.41 242.38 0
248.79 238.37 0
251.89 234.36 0
254.91 230.48 0
257.87 226.37 0
260.38 222.06 0
262.07 217.6 0
262.96 212.88 0
263.63 207.95 0
264.47 203.09 0
265.42 198.24 0
265.87 193.41 0
265.47 188.51 0
264.41 183.55 0
262.9 178.73 0
261.14 174.27 0
258.96 170.27 0
255.73 166.57 0
251.93 163.12 0
248.14 159.83 0
244.38 156.54 0
240.24 154.18 0
235.55 152.84 0
230.72 151.61 0
226.04 150.07 0
221.37 148.38 0
216.95 146.38 0
213.01 143.58 0
209.35 140.13 0
205.38 137.45 0
200.93 135.23 0
196.21 133.44 0
191.43 132.74 0
186.51 133.12 0
181.68 133.96 0
177.2 135.69 0
173 138.54 0
169.33 141.65 0
166.19 145.38 0
163.2 149.38 0
159.95 153.08 0
156.09 156.28 0
152.79 159.72 0
150.33 163.84 0
148.23 168.37 0
146.46 173.04 0
144.96 177.69 0
143.74 182.45 0
142.6 187.23 0
141.49 192.05 0
140.89 196.89 0
140.97 201.81 0
141.29 206.83 0
141.79 211.71 0
142.52 216.31 0
144.39 221.1 0
147.25 225.69 0
150.65 229.43 0
154.25 231.81 0
158.87 233.66 0
163.93 234.71 0
168.92 234.49 0
174.02 233.74 0
178.31 233.61 0
181.48 237.66 0
185.12 240.85 0
189.39 243.2 0
194.01 245.23 0
198.81 246.85 0
203.6 247.95 0
208.36 248.69 0
208.36 248.69 0
213.24 249.26 0
218.21 249.49 0
218.21 249.49 0
223.13 249.49 0
228.01 249.49 0
233.01 248.96 0
233.91 241.27 -8.64
238.18 239.14 -8.64
242.43 236.96 -8.64
246.61 234.5 -8.64
250.5 231.77 -8.64
253.92 228.74 -8.64
257.22 225.19 -8.64
260.17 221.25 -8.64
262.36 217.09 -8.64
263.74 212.75 -8.64
264.92 208.1 -8.64
265.71 203.31 -8.64
265.88 198.59 -8.64
265.38 193.86 -8.64
264.47 189.17 -8.64
263.25 184.66 -8.64
261.27 180.29 -8.64
259.08 176.1 -8.64
256.73 171.84 -8.64
254.16 167.62 -8.64
251.35 163.67 -8.64
248.28 160.17 -8.64
244.89 157.35 -8.64
240.72 155.18 -8.64
236.28 153.15 -8.64
232.09 150.85 -8.64
228.18 148.24 -8.64
224.92 144.77 -8.64
221.68 141.29 -8.64
217.95 138.41 -8.64
213.92 135.63 -8.64
209.68 133.29 -8.64
205.32 131.74 -8.64
200.74 130.84 -8.64
195.96 130.17 -8.64
191.27 129.97 -8.64
186.7 130.77 -8.64
182.18 132.46 -8.64
177.77 134.58 -8.64
173.53 136.69 -8.64
169.43 139.14 -8.64
165.65 141.98 -8.64
161.94 145.21 -8.64
159.23 148.89 -8.64
157.73 153.17 -8.64
156.63 157.89 -8.64
155.5 162.63 -8.64
154.13 167.17 -8.64
152.66 171.68 -8.64
151.07 176.13 -8.64
148.98 180.45 -8.64
147.09 184.78 -8.64
146.35 189.38 -8.64
145.9 194.15 -8.64
145.89 198.9 -8.64
146.28 203.75 -8.64
147 208.49 -8.64
148.03 212.84 -8.64
150.78 216.67 -8.64
153.8 220.52 -8.64
155.87 225.21 -8.64
158.25 228.83 -8.64
162.25 230.85 -8.64
167.21 232.11 -8.64
171.99 232.06 -8.64
176.77 231.51 -8.64
180.99 232.88 -8.64
184.96 235.63 -8.64
188.86 238.36 -8.64
192.9 240.77 -8.64
197.15 242.74 -8.64
201.57 244.48 -8.64
206.14 245.91 -8.64
206.14 245.91 -8.64
210.99 245.82 -8.64
210.99 245.82 -8.64
215.74 245.56 -8.64
220.41 245.17 -8.64
224.99 244.62 -8.64
229.5 243.26 -8.64
235.45 245.79 -17.28
239.74 243.68 -17.28
244.04 241.56 -17.28
248.2 239.23 -17.28
251.88 236.39 -17.28
255.32 233.03 -17.28
258.46 229.34 -17.28
261.24 225.53 -17.28
263.72 221.47 -17.28
265.91 217.2 -17.28
267.84 212.85 -17.28
269.86 208.39 -17.28
271.49 203.84 -17.28
272.05 199.27 -17.28
271.54 194.62 -17.28
270.37 189.89 -17.28
268.79 185.27 -17.28
267.05 180.89 -17.28
264.72 176.8 -17.28
261.75 172.98 -17.28
258.7 169.32 -17.28
255.4 165.76 -17.28
251.85 162.57 -17.28
247.95 160.06 -17.28
243.35 158.25 -17.28
239.24 156.13 -17.28
236.47 152.25 -17.28
233.78 148.25 -17.28
229.83 146.21 -17.28
225.12 144.66 -17.28
220.74 142.73 -17.28
216.54 140.49 -17.28
212.34 138.22 -17.28
208.19 135.46 -17.28
204.01 132.82 -17.28
199.69 131.46 -17.28
195.01 131.53 -17.28
190.15 131.82 -17.28
185.58 132.38 -17.28
181.16 134.39 -17.28
177.16 137.28 -17.28
174.06 140.67 -17.28
171.45 144.86 -17.28
167.97 147.99 -17.28
165.01 151.12 -17.28
163.35 155.72 -17.28
161.81 160.44 -17.28
160.13 164.89 -17.28
158.54 169.37 -17.28
157.2 173.93 -17.28
155.97 178.53 -17.28
154.24 182.98 -17.28
152.23 187.37 -17.28
150.79 191.83 -17.28
150.08 196.56 -17.28
149.57 201.4 -17.28
149.4 205.98 -17.28
150.95 210.72 -17.28
154.06 214.97 -17.28
157.46 217.29 -17.28
161.99 218.4 -17.28
167.27 219.15 -17.28
172.29 220.01 -17.28
176.04 221.51 -17.28
178.63 224.97 -17.28
180.81 229.73 -17.28
183.21 234.28 -17.28
186.35 237.6 -17.28
190.13 240.57 -17.28
194.29 243.18 -17.28
198.56 245.29 -17.28
203 246.94 -17.28
207.62 248.2 -17.28
212.27 249.11 -17.28
217 249.74 -17.28
217 249.74 -17.28
217 249.74 -17.28
221.76 249.45 -17.28
226.46 248.79 -17.28
231.05 247.54 -17.28
232.59 244.33 -25.92
236.94 243.13 -25.92
241.06 241.41 -25.92
244.94 238.72 -25.92
248.71 236.03 -25.92
252.41 233.22 -25.92
255.95 230.23 -25.92
259.27 227.06 -25.92
262.53 223.64 -25.92
265.23 219.95 -25.92
267.36 215.88 -25.92
269.23 211.48 -25.92
270.18 206.97 -25.92
270.12 202.44 -25.92
269.79 197.75 -25.92
269.27 193.04 -25.92
268.59 188.41 -25.92
267.77 183.99 -25.92
266.44 179.81 -25.92
264.08 175.77 -25.92
261.19 171.91 -25.92
258.27 168.26 -25.92
255.31 164.27 -25.92
251.99 160.78 -25.92
248.1 159.35 -25.92
243.21 158.97 -25.92
239.73 157.28 -25.92
237.17 152.87 -25.92
234.01 149.59 -25.92
229.89 147.52 -25.92
225.54 145.58 -25.92
221.69 143.04 -25.92
218.28 139.44 -25.92
214.92 135.98 -25.92
211.22 134.04 -25.92
206.94 133.3 -25.92
202.25 132.71 -25.92
197.44 132.32 -25.92
192.79 132.15 -25.92
188.3 132.69 -25.92
183.76 134.45 -25.92
179.56 136.91 -25.92
176.07 139.56 -25.92
173.28 143.03 -25.92
170.88 147.22 -25.92
168.59 151.33 -25.92
166.22 155.39 -25.92
164.25 159.59 -25.92
163.21 163.99 -25.92
162.63 168.62 -25.92
161.49 173.02 -25.92
159.57 177.26 -25.92
157.61 181.48 -25.92
155.45 185.71 -25.92
154.17 190.03 -25.92
153.91 194.72 -25.92
153.73 199.67 -25.92
153.61 204.5 -25.92
153.55 208.83 -25.92
154.5 212.4 -25.92
158.6 215.44 -25.92
162.74 218.01 -25.92
166.91 220.07 -25.92
171.17 222.03 -25.92
175.06 224.35 -25.92
178.44 227.37 -25.92
181.58 230.84 -25.92
184.72 234.34 -25.92
188.11 237.45 -25.92
191.83 240.33 -25.92
195.86 242.36 -25.92
200.21 243.92 -25.92
204.77 245.14 -25.92
209.38 245.74 -25.92
213.95 245.75 -25.92
218.57 245.7 -25.92
218.57 245.7 -25.92
223.23 245.54 -25.92
223.23 245.54 -25.92
228.02 245.2 -25.92
231.86 244.85 -34.56
236.12 243.5 -34.56
240.27 241.89 -34.56
244.36 240.07 -34.56
248.41 238.1 -34.56
252.43 236.1 -34.56
256.54 234.16 -34.56
260.24 231.88 -34.56
263.17 228.52 -34.56
265.62 224.58 -34.56
267.58 220.59 -34.56
269.16 216.34 -34.56
270.02 211.99 -34.56
270.58 207.52 -34.56
271.52 203.1 -34.56
272.46 198.7 -34.56
272.15 194.35 -34.56
270.5 190.12 -34.56
268.28 186.23 -34.56
266.19 182.25 -34.56
264.1 178.31 -34.56
261.7 174.49 -34.56
259.06 170.84 -34.56
256.11 167.51 -34.56
252.81 164.22 -34.56
249.19 161.53 -34.56
245.16 160.06 -34.56
240.64 159.19 -34.56
236.83 157.18 -34.56
233.52 154.02 -34.56
230.57 150.63 -34.56
227.48 147.36 -34.56
224.24 143.77 -34.56
220.87 140.25 -34.56
217.33 137.47 -34.56
213.54 136.11 -34.56
209.32 135.75 -34.56
204.72 135.51 -34.56
200.13 135.4 -34.56
195.45 135.71 -34.56
190.61 136.67 -34.56
186.44 138.05 -34.56
183.62 139.95 -34.56
181.67 143.66 -34.56
180.01 148.39 -34.56
178.15 152.99 -34.56
175.59 156.61 -34.56
172.38 159.83 -34.56
169.46 163.21 -34.56
167 166.96 -34.56
164.67 170.93 -34.56
162.77 175.05 -34.56
161.61 179.26 -34.56
160.85 183.62 -34.56
160.26 188.12 -34.56
159.95 192.63 -34.56
160.08 197.33 -34.56
160.75 202.36 -34.56
161.8 206.3 -34.56
164.38 208.26 -34.56
169.53 209.46 -34.56
174.09 210.97 -34.56
176.1 214.19 -34.56
177.55 218.87 -34.56
179.3 223.1 -34.56
181.14 227.38 -34.56
183.21 231.37 -34.56
185.71 234.68 -34.56
188.95 237.64 -34.56
192.77 240.31 -34.56
196.88 242.55 -34.56
200.98 244.19 -34.56
205.24 245.62 -34.56
209.67 246.71 -34.56
214.12 247.07 -34.56
218.55 247.02 -34.56
223.02 246.73 -34.56
223.02 246.73 -34.56
227.52 246.01 -34.56
227.52 246.01 -34.56
230.15 246.39 -43.2
234.32 245.01 -43.2
238.48 243.24 -43.2
238.48 243.24 -43.2
242.47 241.46 -43.2
246.32 239.47 -43.2
250.04 237.28 -43.2
253.7 234.91 -43.2
257.15 232.25 -43.2
260.13 229.18 -43.2
262.84 225.65 -43.2
264.83 221.86 -43.2
266.09 217.79 -43.2
267.05 213.5 -43.2
267.9 209.22 -43.2
268.69 204.95 -43.2
269 200.64 -43.2
269.07 196.3 -43.2
268.79 191.89 -43.2
268.22 187.68 -43.2
266.56 183.87 -43.2
263.83 180.26 -43.2
261.27 176.68 -43.2
258.79 173.09 -43.2
256.15 169.66 -43.2
253.25 166.37 -43.2
250.08 163.02 -43.2
246.62 160.68 -43.2
242.27 159.8 -43.2
236.89 159.35 -43.2
232.02 158.93 -43.2
229.23 158.12 -43.2
228.66 154.69 -43.2
228.07 149.91 -43.2
226.33 145.85 -43.2
223.62 142.03 -43.2
220.44 138.98 -43.2
216.94 136.91 -43.2
212.65 135.38 -43.2
208.42 135.35 -43.2
204.14 136.47 -43.2
200.04 138.09 -43.2
196.02 140.01 -43.2
192.11 142.63 -43.2
189.68 145.76 -43.2
188.85 150.18 -43.2
187.55 153.83 -43.2
183.7 156.02 -43.2
179.78 158.35 -43.2
176.92 161.5 -43.2
174.35 165.1 -43.2
172.05 168.85 -43.2
169.8 172.6 -43.2
167.56 176.48 -43.2
165.85 180.48 -43.2
165.11 184.59 -43.2
164.71 189.01 -43.2
164.4 193.58 -43.2
164.19 198.04 -43.2
164.08 202.15 -43.2
164.86 205.74 -43.2
168.13 208.98 -43.2
171.86 211.88 -43.2
175.52 214.3 -43.2
179.19 216.65 -43.2
181.98 219.67 -43.2
184.27 223.36 -43.2
186.32 227.37 -43.2
188.37 231.39 -43.2
190.67 235.07 -43.2
193.44 238.16 -43.2
196.81 241.12 -43.2
200.56 243.55 -43.2
204.44 244.91 -43.2
208.59 245.88 -43.2
212.94 246.68 -43.2
217.36 247.23 -43.2
221.72 247.48 -43.2
221.72 247.48 -43.2
225.95 247.25 -43.2
230.47 246.37 -51.84
234.44 245.74 -51.84
238.3 244.71 -51.84
242.04 243.28 -51.84
245.65 241.47 -51.84
249.11 239.49 -51.84
252.43 237.22 -51.84
255.9 235.13 -51.84
259.17 232.92 -51.84
261.87 229.96 -51.84
264.11 226.52 -51.84
265.57 222.92 -51.84
266.55 219.01 -51.84
267.53 215.07 -51.84
269.05 211.32 -51.84
271 207.64 -51.84
272.45 203.94 -51.84
272.63 200.09 -51.84
272.2 196.08 -51.84
271.47 192.08 -51.84
270.53 188.24 -51.84
268.87 184.5 -51.84
266.84 181.16 -51.84
264.37 178.18 -51.84
261.48 175.41 -51.84
258.36 172.76 -51.84
255.16 170.16 -51.84
252.08 167.52 -51.84
249.13 164.79 -51.84
246.18 162.07 -51.84
243.15 159.48 -51.84
239.94 157.12 -51.84
236.55 154.98 -51.84
233.14 152.86 -51.84
229.85 150.58 -51.84
226.8 147.76 -51.84
223.75 145.07 -51.84
220.34 143.5 -51.84
216.43 142.46 -51.84
212.39 141.93 -51.84
208.23 142.15 -51.84
204.23 142.92 -51.84
201.38 144.79 -51.84
199.17 148.59 -51.84
197.39 152.21 -51.84
195.88 155.99 -51.84
193.99 159.39 -51.84
191.36 162.33 -51.84
188.36 165.1 -51.84
185.48 167.96 -51.84
182.74 171.02 -51.84
179.83 174.17 -51.84
177.51 177.47 -51.84
176.5 180.98 -51.84
176.07 184.86 -51.84
175.77 188.97 -51.84
175.6 193.07 -51.84
175.79 196.97 -51.84
177.09 200.75 -51.84
178.81 204.49 -51.84
180.21 208.27 -51.84
181.54 212.05 -51.84
182.77 215.86 -51.84
183.74 219.77 -51.84
184.6 223.7 -51.84
186.05 227.32 -51.84
188.37 230.66 -51.84
190.7 234.05 -51.84
193.08 237.72 -51.84
195.68 240.9 -51.84
198.67 242.79 -51.84
202.54 243.62 -51.84
206.59 244.29 -51.84
210.54 245.01 -51.84
214.51 245.37 -51.84
218.51 245.5 -51.84
222.52 245.54 -51.84
222.52 245.54 -51.84
226.51 246.24 -51.84
226.51 246.24 -51.84
230.8 239.26 -60.48
234.16 237.97 -60.48
237.49 236.62 -60.48
240.83 235.23 -60.48
244.18 233.8 -60.48
247.38 232.19 -60.48
250.3 230.23 -60.48
253.08 227.87 -60.48
255.64 225.25 -60.48
257.92 222.53 -60.48
260.23 219.63 -60.48
262.39 216.55 -60.48
264.04 213.34 -60.48
264.88 210 -60.48
265.33 206.42 -60.48
265.45 202.79 -60.48
265.32 199.19 -60.48
265.06 195.6 -60.48
264.73 192.02 -60.48
264.2 188.34 -60.48
263.39 184.78 -60.48
262.24 181.67 -60.48
260.1 178.87 -60.48
257.28 176.32 -60.48
254.31 174.03 -60.48
251.39 171.98 -60.48
248.23 170.15 -60.48
244.94 168.74 -60.48
241.34 167.8 -60.48
237.76 166.92 -60.48
234.77 165.57 -60.48
232.4 163.02 -60.48
230.23 159.87 -60.48
227.85 157.08 -60.48
225.08 154.61 -60.48
222.08 152.2 -60.48
218.9 150.54 -60.48
215.54 150.13 -60.48
211.85 150.02 -60.48
208.32 150.01 -60.48
205.09 151.16 -60.48
202 153.37 -60.48
199.01 155.63 -60.48
196 157.67 -60.48
193.05 159.83 -60.48
190.34 162.17 -60.48
188.03 164.79 -60.48
186.09 167.84 -60.48
184.21 170.97 -60.48
182.01 173.83 -60.48
179.04 176.35 -60.48
176.29 178.87 -60.48
174.98 181.74 -60.48
174.42 185.19 -60.48
174.03 188.94 -60.48
173.85 192.61 -60.48
174.26 196.07 -60.48
175.79 199.52 -60.48
177.91 202.64 -60.48
180.27 205.09 -60.48
183.45 207.03 -60.48
186.08 209.39 -60.48
188.38 212.19 -60.48
190.44 215.22 -60.48
192.23 218.34 -60.48
193.62 221.83 -60.48
194.73 225.68 -60.48
195.83 229.41 -60.48
197.2 232.54 -60.48
199.18 234.61 -60.48
202.7 235.87 -60.48
206.17 237.01 -60.48
209.62 238.12 -60.48
213.11 239.02 -60.48
216.63 239.58 -60.48
220.19 240.02 -60.48
223.78 240.34 -60.48
227.4 240.47 -60.48
227.4 240.47 -60.48
227.4 240.47 -60.48
232.34 238.92 -69.12
235.52 237.82 -69.12
238.61 236.57 -69.12
241.61 235.2 -69.12
244.52 233.72 -69.12
247.44 232.1 -69.12
250.37 230.28 -69.12
253.14 228.26 -69.12
255.58 226.06 -69.12
257.55 223.69 -69.12
259.23 220.96 -69.12
260.72 217.96 -69.12
262.08 214.8 -69.12
263.36 211.61 -69.12
264.62 208.51 -69.12
266.06 205.39 -69.12
267.15 202.23 -69.12
267.26 199.06 -69.12
266.64 195.79 -69.12
265.57 192.52 -69.12
264.25 189.38 -69.12
262.86 186.46 -69.12
261.03 183.66 -69.12
258.82 181.03 -69.12
256.43 178.72 -69.12
253.93 176.79 -69.12
251.13 175.11 -69.12
248.12 173.62 -69.12
244.98 172.22 -69.12
241.8 170.87 -69.12
238.66 169.48 -69.12
235.63 167.97 -69.12
232.82 166.29 -69.12
230.29 164.35 -69.12
228.19 161.73 -69.12
225.93 159.35 -69.12
223.29 157.12 -69.12
220.42 155.03 -69.12
217.39 153.48 -69.12
214.29 152.91 -69.12
210.83 153.04 -69.12
207.88 153.4 -69.12
205.6 154.94 -69.12
203.63 157.6 -69.12
201.8 160.88 -69.12
199.96 164.25 -69.12
197.95 167.2 -69.12
195.41 169.58 -69.12
192.33 171.8 -69.12
189.29 173.98 -69.12
186.88 176.27 -69.12
185.69 178.8 -69.12
185.68 181.75 -69.12
185.81 185.14 -69.12
186 188.62 -69.12
186.31 191.9 -69.12
187.18 195.03 -69.12
188.48 198.12 -69.12
189.95 201.19 -69.12
191.33 204.28 -69.12
192.36 207.44 -69.12
193.15 210.67 -69.12
194 213.9 -69.12
194.87 217.25 -69.12
195.76 220.64 -69.12
196.75 223.91 -69.12
197.9 226.91 -69.12
199.31 229.5 -69.12
201.25 232.1 -69.12
203.71 234.73 -69.12
206.54 237.15 -69.12
209.59 239.11 -69.12
212.71 240.37 -69.12
215.75 240.7 -69.12
218.86 240.68 -69.12
222.14 240.58 -69.12
225.55 240.32 -69.12
229.08 239.85 -69.12
229.08 239.85 -69.12
229.08 239.85 -69.12
230.5 233.21 -77.76
230.5 233.21 -77.76
233.54 233.04 -77.76
236.39 232.55 -77.76
239.03 231.81 -77.76
241.44 230.86 -77.76
243.59 229.76 -77.76
245.48 228.57 -77.76
247.08 227.31 -77.76
248.44 225.53 -77.76
249.65 223.25 -77.76
250.72 220.7 -77.76
251.71 218.11 -77.76
252.64 215.69 -77.76
253.5 213.31 -77.76
254.29 210.9 -77.76
255.04 208.46 -77.76
255.77 206.02 -77.76
256.53 203.58 -77.76
257.45 201.12 -77.76
258.25 198.67 -77.76
258.56 196.27 -77.76
258.03 193.84 -77.76
256.84 191.43 -77.76
255.35 189.22 -77.76
253.86 187.35 -77.76
252.12 185.58 -77.76
250.11 183.88 -77.76
247.91 182.33 -77.76
245.6 180.99 -77.76
243.25 179.92 -77.76
240.93 179.18 -77.76
238.51 178.59 -77.76
235.98 178.11 -77.76
233.41 177.73 -77.76
230.86 177.47 -77.76
228 177.34 -77.76
225.04 177.25 -77.76
222.6 177.12 -77.76
221.25 176.63 -77.76
220.62 173.81 -77.76
219.8 171.44 -77.76
218.02 170.23 -77.76
215.46 169.21 -77.76
212.61 168.47 -77.76
209.98 168.13 -77.76
207.6 168.52 -77.76
205.06 169.93 -77.76
202.91 171.89 -77.76
201.75 173.92 -77.76
201.41 175.99 -77.76
201.19 178.39 -77.76
201.03 181.02 -77.76
200.89 183.75 -77.76
200.73 186.48 -77.76
200.5 189.08 -77.76
200.11 191.6 -77.76
199.66 194.13 -77.76
199.32 196.64 -77.76
199.28 199.14 -77.76
199.58 201.67 -77.76
200.13 204.19 -77.76
200.85 206.68 -77.76
201.67 209.11 -77.76
202.54 211.42 -77.76
203.73 213.63 -77.76
205.17 215.76 -77.76
206.66 217.87 -77.76
208.04 220.02 -77.76
209.4 222.19 -77.76
210.8 224.33 -77.76
212.31 226.34 -77.76
213.99 228.34 -77.76
215.84 230.29 -77.76
217.87 231.4 -77.76
220.08 232 -77.76
222.44 232.5 -77.76
224.96 232.89 -77.76
227.64 233.13 -77.76
230.5 233.21 -77.76
