239.68 245.01 0
242.7 243.37 0
245.41 241.02 0
247.89 238.04 0
250.2 234.8 0
252.4 231.66 0
254.51 228.53 0
256.46 225.29 0
258.2 221.96 0
259.87 218.54 0
261.29 215.02 0
262.2 211.43 0
262.9 207.76 0
263.49 204.01 0
263.92 200.23 0
264.12 196.46 0
264.05 192.68 0
263.75 188.86 0
263.31 185.12 0
262.69 181.55 0
261.42 177.97 0
259.6 174.45 0
257.41 171.14 0
255.06 168.2 0
252.64 165.69 0
249.77 163.43 0
246.53 161.36 0
243.08 159.48 0
239.57 157.79 0
236.14 156.26 0
232.63 154.84 0
229.03 153.64 0
225.37 152.75 0
221.4 151.97 0
217.52 151.36 0
214.29 151.16 0
211.87 152.93 0
209.83 156.57 0
207.76 160.54 0
205.26 163.33 0
202.02 165.05 0
198.36 166.47 0
194.75 167.95 0
191.64 169.84 0
189.08 172.53 0
186.78 175.63 0
184.59 178.71 0
182.6 181.93 0
181.01 185.29 0
179.68 188.81 0
178.5 192.42 0
177.41 196.04 0
176.18 199.66 0
175.16 203.31 0
174.98 206.99 0
175.46 210.69 0
176.25 214.41 0
177.1 218.13 0
177.82 221.84 0
178.57 225.57 0
179.51 229.18 0
180.85 232.8 0
182.67 236.37 0
184.87 239.2 0
187.74 241.07 0
191.38 242.54 0
195.13 243.74 0
198.71 244.86 0
202.36 245.95 0
206.05 246.89 0
209.76 247.56 0
213.48 247.85 0
217.21 247.97 0
220.97 248.05 0
224.75 248.11 0
224.75 248.11 0
228.55 248.13 0
228.55 248.13 0
232.55 247.51 0
236.27 246.42 0
237.94 237.73 -8.64
241.09 236.13 -8.64
244.12 234.4 -8.64
246.99 232.54 -8.64
249.74 230.49 -8.64
252.41 228.14 -8.64
254.86 225.59 -8.64
256.96 222.89 -8.64
258.74 219.96 -8.64
260.3 216.8 -8.64
261.66 213.55 -8.64
262.95 210.29 -8.64
264.06 206.94 -8.64
264.28 203.54 -8.64
264.14 200.05 -8.64
263.87 196.53 -8.64
263.52 193.1 -8.64
262.85 189.79 -8.64
261.64 186.53 -8.64
260.09 183.34 -8.64
258.42 180.19 -8.64
256.83 177.07 -8.64
255.2 173.96 -8.64
253.39 170.98 -8.64
251.36 168.15 -8.64
249.11 164.99 -8.64
246.67 161.88 -8.64
244.05 159.3 -8.64
241.27 157.73 -8.64
238.29 157.49 -8.64
234.89 157.65 -8.64
231.27 157.92 -8.64
227.7 158.23 -8.64
224.21 158.57 -8.64
220.71 159.01 -8.64
217.33 159.61 -8.64
214.05 160.57 -8.64
210.8 162.08 -8.64
207.75 163.97 -8.64
205.08 166.02 -8.64
202.82 168.54 -8.64
200.77 171.46 -8.64
198.78 174.39 -8.64
196.94 177.46 -8.64
195.1 180.49 -8.64
192.86 182.88 -8.64
189.65 184.49 -8.64
186.78 186.29 -8.64
184.78 188.92 -8.64
183.08 192.07 -8.64
181.51 195.34 -8.64
179.81 198.45 -8.64
177.96 201.58 -8.64
176.8 204.79 -8.64
176.75 208.15 -8.64
176.92 211.67 -8.64
177.21 215.23 -8.64
177.59 218.69 -8.64
178.24 221.93 -8.64
179.77 225.06 -8.64
181.82 228.06 -8.64
183.91 230.88 -8.64
186.17 233.59 -8.64
188.72 235.88 -8.64
191.54 237.87 -8.64
194.58 239.69 -8.64
197.77 241.26 -8.64
201.01 242.52 -8.64
204.34 243.48 -8.64
207.77 244.06 -8.64
211.22 244.33 -8.64
214.69 244.51 -8.64
218.2 244.57 -8.64
218.2 244.57 -8.64
221.6 243.75 -8.64
224.96 242.79 -8.64
224.96 242.79 -8.64
228.25 241.71 -8.64
231.49 240.52 -8.64
234.73 239.19 -8.64
239.82 242.79 -17.28
243.13 241.18 -17.28
246.2 239.27 -17.28
249.19 237 -17.28
252.03 234.46 -17.28
254.65 231.76 -17.28
256.98 228.98 -17.28
259.08 225.98 -17.28
261 222.77 -17.28
262.78 219.45 -17.28
264.44 216.12 -17.28
266.25 212.78 -17.28
268.1 209.39 -17.28
269.55 205.93 -17.28
270.15 202.41 -17.28
270.07 198.72 -17.28
269.84 194.93 -17.28
269.49 191.29 -17.28
268.36 187.92 -17.28
266.26 184.69 -17.28
264.19 181.55 -17.28
262.08 178.49 -17.28
259.9 175.49 -17.28
257.76 172.41 -17.28
255.51 169.47 -17.28
252.92 166.87 -17.28
250.03 164.38 -17.28
246.94 162.24 -17.28
243.71 160.66 -17.28
240.24 159.42 -17.28
236.61 158.41 -17.28
232.93 157.67 -17.28
229.28 157.14 -17.28
225.58 156.67 -17.28
221.87 156.37 -17.28
218.17 156.32 -17.28
214.44 156.75 -17.28
210.82 157.5 -17.28
207.41 158.7 -17.28
204.13 160.58 -17.28
201.01 162.72 -17.28
198.05 164.89 -17.28
195.19 167.3 -17.28
192.48 169.88 -17.28
189.94 172.57 -17.28
187.51 175.37 -17.28
185.22 178.34 -17.28
183.18 181.44 -17.28
181.47 184.68 -17.28
179.98 188.1 -17.28
178.63 191.57 -17.28
177.14 195.06 -17.28
176.07 198.61 -17.28
176 202.26 -17.28
176.08 205.99 -17.28
176.2 209.7 -17.28
176.64 213.38 -17.28
177.45 217.03 -17.28
178.39 220.61 -17.28
179.56 224.27 -17.28
181 227.82 -17.28
182.71 230.96 -17.28
184.78 233.64 -17.28
187.38 236.17 -17.28
190.38 238.53 -17.28
193.66 240.7 -17.28
197.06 242.63 -17.28
200.47 244.3 -17.28
203.84 245.7 -17.28
207.39 246.88 -17.28
211.01 247.73 -17.28
214.68 248.43 -17.28
218.36 248.67 -17.28
222.04 248.37 -17.28
225.72 247.61 -17.28
225.72 247.61 -17.28
229.3 246.6 -17.28
229.3 246.6 -17.28
232.82 245.46 -17.28
236.34 244.19 -17.28
238.15 242.53 -25.92
238.15 242.53 -25.92
241.06 240.34 -25.92
243.9 238.09 -25.92
246.7 235.78 -25.92
249.45 233.41 -25.92
252.14 231 -25.92
254.8 228.55 -25.92
257.52 226.09 -25.92
260.25 223.56 -25.92
262.66 220.89 -25.92
264.53 217.95 -25.92
266.34 214.7 -25.92
267.88 211.25 -25.92
268.8 207.73 -25.92
268.92 204.21 -25.92
268.87 200.57 -25.92
268.77 196.87 -25.92
268.62 193.18 -25.92
268.42 189.59 -25.92
268 186.18 -25.92
266.44 182.92 -25.92
264.38 179.74 -25.92
262.54 176.59 -25.92
260.66 173.47 -25.92
258.66 170.45 -25.92
256.5 167.51 -25.92
254.1 164.64 -25.92
251.21 162.87 -25.92
247.73 161.51 -25.92
244.08 160.86 -25.92
240.51 160.89 -25.92
236.87 160.98 -25.92
233.22 161.06 -25.92
229.61 160.93 -25.92
226.01 160.38 -25.92
222.41 160 -25.92
218.75 160.17 -25.92
215.07 160.68 -25.92
211.56 161.44 -25.92
208.42 162.72 -25.92
205.53 165.08 -25.92
202.67 167.44 -25.92
199.67 169.59 -25.92
196.69 171.77 -25.92
193.96 174.11 -25.92
191.69 176.75 -25.92
189.84 179.84 -25.92
188.11 183.11 -25.92
186.19 186.2 -25.92
183.99 189.12 -25.92
181.81 192.04 -25.92
179.99 195.11 -25.92
178.22 198.36 -25.92
176.57 201.74 -25.92
175.44 205.19 -25.92
175.21 208.68 -25.92
175.64 212.28 -25.92
176.33 215.89 -25.92
177.14 219.45 -25.92
178.23 223.02 -25.92
179.6 226.33 -25.92
181.37 229.24 -25.92
183.81 231.93 -25.92
186.66 234.41 -25.92
189.6 236.68 -25.92
192.5 238.94 -25.92
195.56 241.31 -25.92
198.75 243.24 -25.92
202.05 244.13 -25.92
205.48 244.23 -25.92
209.06 244.3 -25.92
212.74 244.36 -25.92
216.45 244.39 -25.92
220.14 244.41 -25.92
223.76 244.38 -25.92
227.37 244.14 -25.92
227.37 244.14 -25.92
230.97 243.71 -25.92
234.56 243.15 -25.92
238.44 241.17 -34.56
241.83 239.97 -34.56
245.21 238.67 -34.56
248.52 237.24 -34.56
251.69 235.63 -34.56
254.73 233.72 -34.56
257.61 231.5 -34.56
260.18 229.05 -34.56
262.57 226.31 -34.56
264.64 223.31 -34.56
266.19 220.17 -34.56
267.49 216.82 -34.56
268.57 213.32 -34.56
269.34 209.8 -34.56
269.89 206.25 -34.56
270.35 202.64 -34.56
270.63 199.06 -34.56
270.51 195.57 -34.56
269.43 192.14 -34.56
267.85 188.79 -34.56
266.28 185.55 -34.56
264.5 182.41 -34.56
262.51 179.4 -34.56
260.45 176.41 -34.56
258.29 173.25 -34.56
256.02 170.15 -34.56
253.6 167.37 -34.56
251.01 165.13 -34.56
248.21 163.62 -34.56
245.05 162.34 -34.56
241.57 161.18 -34.56
237.92 160.24 -34.56
234.22 159.58 -34.56
230.6 159.31 -34.56
227.02 159.38 -34.56
223.35 159.64 -34.56
219.64 160.05 -34.56
215.97 160.6 -34.56
212.41 161.26 -34.56
209.04 162.02 -34.56
205.9 162.91 -34.56
202.89 164.5 -34.56
200 166.74 -34.56
197.24 169.38 -34.56
194.64 172.18 -34.56
192.22 174.91 -34.56
189.78 177.59 -34.56
187.23 180.44 -34.56
184.83 183.42 -34.56
182.84 186.51 -34.56
181.54 189.7 -34.56
181.06 192.97 -34.56
180.74 196.42 -34.56
180.47 200.02 -34.56
180.25 203.7 -34.56
180.09 207.4 -34.56
179.99 211.06 -34.56
179.96 214.62 -34.56
180.26 218.22 -34.56
181.09 221.92 -34.56
182.32 225.56 -34.56
183.82 228.97 -34.56
185.46 231.97 -34.56
187.28 234.51 -34.56
189.82 236.95 -34.56
192.91 239.19 -34.56
196.31 241.11 -34.56
199.77 242.55 -34.56
203.09 243.45 -34.56
206.56 244.2 -34.56
210.15 244.84 -34.56
213.79 245.31 -34.56
217.42 245.56 -34.56
220.97 245.5 -34.56
224.5 245.05 -34.56
228.03 244.28 -34.56
228.03 244.28 -34.56
231.56 243.24 -34.56
231.56 243.24 -34.56
235.02 242.27 -34.56
238.05 241.96 -43.2
238.05 241.96 -43.2
241.34 240.62 -43.2
244.49 239.09 -43.2
247.46 237.38 -43.2
250.26 235.48 -43.2
253.13 233.35 -43.2
255.97 231.01 -43.2
258.63 228.49 -43.2
260.94 225.81 -43.2
262.74 223 -43.2
263.92 220.03 -43.2
264.73 216.67 -43.2
265.41 213.15 -43.2
266.15 209.74 -43.2
266.88 206.35 -43.2
267.32 202.92 -43.2
267.62 199.46 -43.2
267.72 195.99 -43.2
267.52 192.48 -43.2
267.09 189.01 -43.2
266.38 185.78 -43.2
264.73 182.75 -43.2
262.61 179.82 -43.2
260.64 176.94 -43.2
258.64 174.08 -43.2
256.53 171.31 -43.2
254.26 168.72 -43.2
251.82 166 -43.2
249.16 163.53 -43.2
246.22 162.48 -43.2
242.86 162.18 -43.2
239.27 161.97 -43.2
235.75 161.65 -43.2
232.31 161.05 -43.2
228.88 160.36 -43.2
225.46 159.89 -43.2
222.06 159.99 -43.2
218.66 160.88 -43.2
215.38 162.05 -43.2
212.21 163.41 -43.2
209.13 165.12 -43.2
206.22 167.04 -43.2
203.59 169.21 -43.2
201.15 171.71 -43.2
198.62 174.12 -43.2
195.91 176.38 -43.2
193.33 178.7 -43.2
191.19 181.29 -43.2
189.18 184.12 -43.2
187.28 187.13 -43.2
185.6 190.28 -43.2
184.21 193.5 -43.2
183.24 196.75 -43.2
182.49 200.09 -43.2
181.85 203.55 -43.2
181.43 207.04 -43.2
181.36 210.46 -43.2
181.9 213.87 -43.2
182.9 217.26 -43.2
184.06 220.56 -43.2
185.28 223.78 -43.2
186.78 226.97 -43.2
188.52 230.04 -43.2
190.44 232.88 -43.2
192.62 235.52 -43.2
195.17 237.98 -43.2
197.94 240.1 -43.2
200.85 241.9 -43.2
204.01 243.58 -43.2
207.3 244.8 -43.2
210.65 245.3 -43.2
214.13 245.54 -43.2
217.6 245.54 -43.2
221.07 245.31 -43.2
224.53 244.94 -43.2
227.95 244.51 -43.2
231.34 243.85 -43.2
231.34 243.85 -43.2
234.71 242.98 -43.2
235.7 243.21 -51.84
239.04 242.13 -51.84
242.27 240.85 -51.84
245.36 239.31 -51.84
248.35 237.51 -51.84
251.32 235.65 -51.84
254.41 233.94 -51.84
257.66 232.38 -51.84
260.19 230.38 -51.84
262.16 227.53 -51.84
263.78 224.26 -51.84
265.01 221 -51.84
265.9 217.62 -51.84
266.75 214.21 -51.84
268.05 210.97 -51.84
270.04 207.88 -51.84
271.44 204.75 -51.84
271.41 201.44 -51.84
270.91 197.96 -51.84
270.14 194.46 -51.84
269.24 191.07 -51.84
268.12 187.83 -51.84
266.53 184.65 -51.84
264.66 181.65 -51.84
262.62 178.92 -51.84
260.19 176.43 -51.84
257.54 174.08 -51.84
254.91 171.75 -51.84
252.3 169.19 -51.84
249.6 166.83 -51.84
246.71 165.24 -51.84
243.48 164.48 -51.84
239.99 163.95 -51.84
236.44 163.44 -51.84
233 162.72 -51.84
229.59 161.72 -51.84
226.18 160.75 -51.84
222.8 160.1 -51.84
219.45 160.13 -51.84
216.13 161.2 -51.84
212.86 162.71 -51.84
209.64 164.1 -51.84
206.41 165.6 -51.84
203.37 167.31 -51.84
200.71 169.32 -51.84
198.31 171.78 -51.84
196.09 174.56 -51.84
193.99 177.45 -51.84
191.92 180.28 -51.84
189.64 183.11 -51.84
187.4 186.01 -51.84
185.54 189 -51.84
184.4 192.1 -51.84
183.92 195.38 -51.84
183.53 198.84 -51.84
183.24 202.39 -51.84
183.07 205.94 -51.84
183.08 209.41 -51.84
183.57 212.85 -51.84
184.45 216.28 -51.84
185.5 219.64 -51.84
186.58 222.92 -51.84
187.94 226.17 -51.84
189.55 229.31 -51.84
191.31 232.26 -51.84
193.31 235.31 -51.84
195.58 238.21 -51.84
198.12 240.48 -51.84
201.08 241.84 -51.84
204.57 242.7 -51.84
208 243.13 -51.84
211.48 243.42 -51.84
214.97 243.66 -51.84
218.45 243.93 -51.84
221.94 244.29 -51.84
225.42 244.59 -51.84
228.87 244.68 -51.84
232.3 244.17 -51.84
232.3 244.17 -51.84
235.7 243.21 -51.84
236.54 235.58 -60.48
236.54 235.58 -60.48
239.47 234.65 -60.48
242.26 233.52 -60.48
244.93 232.2 -60.48
247.45 230.75 -60.48
249.85 229.14 -60.48
252.14 227.22 -60.48
254.29 225.09 -60.48
256.26 222.86 -60.48
258.13 220.55 -60.48
259.94 218.1 -60.48
261.51 215.53 -60.48
262.64 212.86 -60.48
263.38 209.99 -60.48
263.9 207.05 -60.48
264.33 204.1 -60.48
264.35 201.14 -60.48
264.12 198.18 -60.48
263.8 195.22 -60.48
263.47 192.2 -60.48
263.05 189.14 -60.48
262.48 186.26 -60.48
261.57 183.75 -60.48
259.71 181.49 -60.48
257.29 179.42 -60.48
254.89 177.51 -60.48
252.56 175.66 -60.48
250.11 173.91 -60.48
247.57 172.32 -60.48
244.96 170.98 -60.48
242.25 169.72 -60.48
239.45 168.5 -60.48
236.58 167.55 -60.48
233.69 167.13 -60.48
230.76 167.18 -60.48
227.75 167.37 -60.48
224.72 167.66 -60.48
221.77 168.05 -60.48
218.95 168.51 -60.48
216.02 169.47 -60.48
213.16 170.95 -60.48
210.76 172.76 -60.48
209.19 174.81 -60.48
208.18 177.64 -60.48
207.21 180.65 -60.48
205.77 183.15 -60.48
203.77 185.34 -60.48
201.6 187.47 -60.48
199.67 189.74 -60.48
197.91 192.13 -60.48
196.2 194.56 -60.48
194.48 196.99 -60.48
192.47 199.37 -60.48
190.16 201.74 -60.48
188.19 204.13 -60.48
187.24 206.56 -60.48
187.69 209.05 -60.48
189.11 211.6 -60.48
191.01 214.18 -60.48
192.91 216.8 -60.48
194.36 219.47 -60.48
195.46 222.49 -60.48
196.42 225.73 -60.48
197.37 228.9 -60.48
198.44 231.71 -60.48
199.78 233.88 -60.48
201.61 235.19 -60.48
204.55 236.02 -60.48
207.63 236.76 -60.48
210.5 237.67 -60.48
213.38 238.48 -60.48
216.3 238.77 -60.48
219.27 238.75 -60.48
222.27 238.72 -60.48
225.26 238.66 -60.48
228.19 238.57 -60.48
231.04 238.14 -60.48
231.04 238.14 -60.48
233.82 237.01 -60.48
236.95 236.13 -69.12
239.62 234.88 -69.12
242.26 233.47 -69.12
242.26 233.47 -69.12
245.06 232.29 -69.12
247.7 230.91 -69.12
250.14 229.37 -69.12
252.37 227.67 -69.12
254.36 225.86 -69.12
256.11 223.91 -69.12
257.74 221.66 -69.12
259.24 219.18 -69.12
260.57 216.55 -69.12
261.68 213.87 -69.12
262.55 211.23 -69.12
263.36 208.51 -69.12
264.12 205.71 -69.12
264.73 202.89 -69.12
265.12 200.09 -69.12
265.2 197.35 -69.12
264.68 194.58 -69.12
263.64 191.82 -69.12
262.33 189.2 -69.12
260.98 186.83 -69.12
259.36 184.61 -69.12
257.39 182.5 -69.12
255.19 180.53 -69.12
252.88 178.76 -69.12
250.58 177.23 -69.12
248.18 175.79 -69.12
245.65 174.43 -69.12
243.03 173.2 -69.12
240.34 172.15 -69.12
237.64 171.35 -69.12
234.92 170.78 -69.12
232.11 170.26 -69.12
229.28 169.86 -69.12
226.46 169.67 -69.12
223.66 169.8 -69.12
220.83 170.28 -69.12
218.02 171.04 -69.12
215.28 171.98 -69.12
212.69 173 -69.12
210.23 174.14 -69.12
207.77 175.66 -69.12
205.42 177.48 -69.12
203.28 179.49 -69.12
201.48 181.57 -69.12
199.9 183.72 -69.12
198.31 186.09 -69.12
196.77 188.62 -69.12
195.33 191.27 -69.12
194.08 193.99 -69.12
193.08 196.75 -69.12
192.39 199.5 -69.12
192.1 202.19 -69.12
192.32 204.83 -69.12
193.11 207.48 -69.12
194.24 210.14 -69.12
195.51 212.81 -69.12
196.71 215.48 -69.12
197.67 218.17 -69.12
198.52 220.95 -69.12
199.37 223.73 -69.12
200.33 226.37 -69.12
201.5 228.78 -69.12
203.05 231.2 -69.12
204.98 233.66 -69.12
207.16 235.81 -69.12
209.48 237.31 -69.12
211.88 237.94 -69.12
214.55 238.33 -69.12
217.43 238.65 -69.12
220.39 238.87 -69.12
223.31 238.98 -69.12
226.09 238.95 -69.12
228.84 238.63 -69.12
231.56 238.03 -69.12
231.56 238.03 -69.12
234.27 237.19 -69.12
233.29 231.88 -77.76
235.39 231.68 -77.76
237.39 231.44 -77.76
239.31 231.05 -77.76
241.18 230.01 -77.76
242.95 228.51 -77.76
244.55 226.87 -77.76
245.96 225.3 -77.76
247.27 223.6 -77.76
248.48 221.76 -77.76
249.6 219.84 -77.76
250.61 217.88 -77.76
251.5 215.92 -77.76
252.31 213.94 -77.76
253.06 211.9 -77.76
253.75 209.83 -77.76
254.39 207.73 -77.76
254.95 205.63 -77.76
255.46 203.52 -77.76
255.97 201.32 -77.76
256.45 199.08 -77.76
256.78 196.95 -77.76
256.84 195.08 -77.76
256.42 193.3 -77.76
255.52 191.53 -77.76
254.23 189.79 -77.76
252.61 188.1 -77.76
250.74 186.5 -77.76
248.7 185.01 -77.76
246.57 183.65 -77.76
244.41 182.44 -77.76
242.3 181.41 -77.76
240.32 180.59 -77.76
238.38 179.89 -77.76
236.29 179.23 -77.76
234.11 178.71 -77.76
231.92 178.41 -77.76
229.77 178.37 -77.76
227.56 178.39 -77.76
225.34 178.42 -77.76
223.14 178.46 -77.76
221 178.52 -77.76
218.97 178.63 -77.76
217 179.35 -77.76
215.11 180.63 -77.76
213.34 182.08 -77.76
211.68 183.44 -77.76
210.02 184.92 -77.76
208.43 186.53 -77.76
206.99 188.24 -77.76
205.8 190.02 -77.76
204.9 191.86 -77.76
204.09 193.84 -77.76
203.34 195.95 -77.76
202.74 198.12 -77.76
202.36 200.28 -77.76
202.27 202.39 -77.76
202.49 204.48 -77.76
202.96 206.59 -77.76
203.64 208.69 -77.76
204.47 210.78 -77.76
205.38 212.83 -77.76
206.34 214.83 -77.76
207.28 216.76 -77.76
208.29 218.62 -77.76
209.46 220.43 -77.76
210.77 222.19 -77.76
212.15 223.91 -77.76
213.56 225.59 -77.76
214.95 227.27 -77.76
216.36 229.1 -77.76
217.95 230.32 -77.76
219.77 231.03 -77.76
221.8 231.62 -77.76
224.03 232.01 -77.76
226.46 232.15 -77.76
226.46 232.15 -77.76
228.83 232.12 -77.76
231.11 232.03 -77.76
233.29 231.88 -77.76
