200.41 164.14 0
203.43 162.3 0
206.11 160.28 0
208.02 157.94 0
209.59 154.92 0
210.7 151.58 0
210.75 148.47 0
209.15 145.37 0
206.83 142.75 0
204.43 140.78 0
201.51 138.91 0
198.28 137.4 0
194.97 136.51 0
191.72 136.38 0
188.31 136.38 0
184.94 136.38 0
181.82 136.54 0
178.87 137.96 0
176.07 140.21 0
173.51 142.51 0
171.18 144.8 0
169.02 147.35 0
166.95 150.03 0
164.9 152.68 0
162.85 155.3 0
160.83 157.96 0
158.86 160.65 0
156.96 163.38 0
155.1 166.16 0
153.2 168.97 0
151.53 171.85 0
150.35 174.87 0
149.47 178.05 0
148.73 181.33 0
148.09 184.64 0
147.45 187.91 0
146.76 191.19 0
146.09 194.48 0
145.59 197.77 0
145.38 201.07 0
145.48 204.41 0
145.79 207.77 0
146.25 211.09 0
146.83 214.27 0
148.05 217.32 0
149.74 220.29 0
151.43 223.21 0
153 226.39 0
154.76 229.31 0
157.01 231.24 0
160.18 232.65 0
163.52 233.1 0
167.2 233.17 0
170.71 233.2 0
173.25 233.11 0
175.29 230.63 0
176.56 226.79 0
176.47 223.53 0
175.8 220.21 0
175.17 216.9 0
174.63 213.61 0
174.1 210.33 0
173.57 207.04 0
173.57 207.04 0
173.94 203.7 0
173.94 203.7 0
174.5 200.42 0
175.18 197.17 0
176.04 193.97 0
177.15 190.81 0
178.42 187.74 0
179.89 184.77 0
181.56 181.88 0
183.29 179.01 0
184.94 176.06 0
186.58 173.05 0
188.59 170.67 0
191.31 168.95 0
194.43 167.47 0
197.48 165.91 0
201.14 166.25 -8.64
203.55 163.66 -8.64
206.17 161.13 -8.64
209.05 159.33 -8.64
212.32 158.17 -8.64
215.83 157.3 -8.64
219.58 156.7 -8.64
224 156.32 -8.64
225.76 155.74 -8.64
224.83 153.89 -8.64
222.82 150.86 -8.64
220.15 147.36 -8.64
217.24 144.09 -8.64
214.48 141.75 -8.64
211.45 140.11 -8.64
208.13 138.67 -8.64
204.88 137.17 -8.64
201.76 135.25 -8.64
198.61 133.59 -8.64
195.27 133.1 -8.64
191.7 132.99 -8.64
188.2 132.97 -8.64
184.86 133.69 -8.64
181.59 135.16 -8.64
178.37 136.91 -8.64
175.18 138.51 -8.64
171.88 140.02 -8.64
168.7 141.68 -8.64
165.98 143.66 -8.64
163.67 146.3 -8.64
161.76 149.38 -8.64
160.37 152.54 -8.64
159.3 155.91 -8.64
158.31 159.34 -8.64
157.24 162.71 -8.64
156.09 166.06 -8.64
154.93 169.41 -8.64
153.86 172.77 -8.64
152.94 176.16 -8.64
152.24 179.59 -8.64
151.63 183.04 -8.64
151.1 186.53 -8.64
150.67 190.04 -8.64
150.37 193.58 -8.64
150.37 193.58 -8.64
150.75 197.09 -8.64
151.23 200.58 -8.64
151.79 204.06 -8.64
152.43 207.53 -8.64
153.19 211.01 -8.64
154.12 214.41 -8.64
155.27 217.7 -8.64
156.82 221.03 -8.64
158.73 224.04 -8.64
161.04 226.49 -8.64
164.09 228.74 -8.64
167.41 229.56 -8.64
171.85 229.41 -8.64
175.44 229.09 -8.64
175.79 228.17 -8.64
175.45 225.2 -8.64
175 220.96 -8.64
174.65 216.52 -8.64
174.6 212.77 -8.64
174.85 209.24 -8.64
175.3 205.73 -8.64
175.84 202.26 -8.64
176.63 198.83 -8.64
177.79 195.46 -8.64
179.15 192.22 -8.64
180.85 188.91 -8.64
182.97 186.23 -8.64
182.97 186.23 -8.64
186.03 184.67 -8.64
189.62 183.44 -8.64
192.06 181.53 -8.64
193.6 178.41 -8.64
195.01 174.9 -8.64
196.8 171.85 -8.64
198.88 168.97 -8.64
196.83 163.81 -17.28
199.29 161.63 -17.28
201.92 159.69 -17.28
204.7 157.64 -17.28
207.59 155.68 -17.28
210.56 154.15 -17.28
213.6 153.35 -17.28
216.98 153.39 -17.28
221.18 153.77 -17.28
225.4 154.29 -17.28
228.75 154.76 -17.28
230.36 155 -17.28
229.73 154.23 -17.28
227.6 151.8 -17.28
224.68 148.7 -17.28
221.7 145.94 -17.28
219.04 144.07 -17.28
216.19 142.44 -17.28
213.22 140.95 -17.28
210.22 139.54 -17.28
207.25 138.05 -17.28
204.27 136.38 -17.28
201.25 134.83 -17.28
198.18 133.73 -17.28
195.06 133.38 -17.28
191.75 133.61 -17.28
188.39 134.12 -17.28
185.27 134.8 -17.28
182.46 135.95 -17.28
179.82 137.92 -17.28
177.32 140.35 -17.28
174.98 142.88 -17.28
172.78 145.28 -17.28
170.71 147.8 -17.28
168.78 150.48 -17.28
166.99 153.29 -17.28
166.99 153.29 -17.28
165.5 156.27 -17.28
164.17 159.3 -17.28
163.03 162.37 -17.28
162.08 165.49 -17.28
161.37 168.67 -17.28
160.85 171.93 -17.28
160.24 175.15 -17.28
159.08 178.23 -17.28
157.48 181.22 -17.28
156.26 184.24 -17.28
155.93 187.39 -17.28
155.75 190.65 -17.28
155.6 193.97 -17.28
155.5 197.3 -17.28
155.44 200.61 -17.28
155.42 203.85 -17.28
155.83 207.43 -17.28
156.79 211.13 -17.28
158.13 214.19 -17.28
159.7 215.89 -17.28
162.99 216.97 -17.28
167.36 217.84 -17.28
171.18 218.42 -17.28
172.77 218.63 -17.28
172.77 216.97 -17.28
172.77 213.2 -17.28
172.77 208.92 -17.28
172.83 205.46 -17.28
173.24 202.2 -17.28
173.95 198.96 -17.28
174.85 195.75 -17.28
175.83 192.61 -17.28
176.85 189.54 -17.28
178.13 186.5 -17.28
179.63 183.51 -17.28
181.3 180.64 -17.28
183.06 177.92 -17.28
185.02 175.38 -17.28
187.24 172.97 -17.28
187.24 172.97 -17.28
189.61 170.64 -17.28
192.05 168.37 -17.28
194.45 166.11 -17.28
199.86 166.58 -25.92
202.6 164.79 -25.92
205.36 163.02 -25.92
208.1 160.96 -25.92
210.92 159.28 -25.92
214.06 158.73 -25.92
218.02 158.48 -25.92
222.34 158.34 -25.92
226.49 158.23 -25.92
229.89 158.09 -25.92
231.98 157.86 -25.92
232.19 157.36 -25.92
230.32 155.67 -25.92
227.26 153.16 -25.92
224.08 150.5 -25.92
221.58 148.19 -25.92
219.27 145.87 -25.92
216.89 143.63 -25.92
214.4 141.35 -25.92
211.85 138.93 -25.92
209.2 136.84 -25.92
206.41 135.53 -25.92
203.39 135.08 -25.92
200.09 134.77 -25.92
196.72 134.57 -25.92
193.47 134.51 -25.92
190.34 135.24 -25.92
187.29 136.67 -25.92
184.33 138.17 -25.92
181.24 139.63 -25.92
178.15 141.27 -25.92
175.38 143.11 -25.92
173.27 145.19 -25.92
171.77 147.78 -25.92
170.56 150.89 -25.92
169.5 154.19 -25.92
168.5 157.37 -25.92
167.5 160.49 -25.92
166.58 163.65 -25.92
165.82 166.83 -25.92
165.29 170.05 -25.92
164.95 173.38 -25.92
164.68 176.72 -25.92
164.35 179.98 -25.92
163.84 183.06 -25.92
162.3 185.87 -25.92
159.81 188.49 -25.92
157.79 191.17 -25.92
157.42 194.09 -25.92
157.64 197.3 -25.92
158.04 200.66 -25.92
158.6 204.04 -25.92
159.27 207.28 -25.92
160.07 210.3 -25.92
161.49 213.53 -25.92
163.48 216.59 -25.92
165.81 218.88 -25.92
168.66 219.98 -25.92
172.79 220.68 -25.92
174.33 220.76 -25.92
174.24 218.07 -25.92
174.13 213.82 -25.92
174.14 210.32 -25.92
174.33 207.02 -25.92
174.65 203.78 -25.92
175.17 200.64 -25.92
176.22 197.54 -25.92
177.64 194.51 -25.92
179.27 191.57 -25.92
180.94 188.75 -25.92
182.79 186.1 -25.92
184.91 183.58 -25.92
187.02 181.05 -25.92
188.96 178.41 -25.92
188.96 178.41 -25.92
190.84 175.74 -25.92
192.68 173.03 -25.92
194.46 170.28 -25.92
194.46 170.28 -25.92
197.15 168.41 -25.92
198.97 165.14 -34.56
201.19 163.5 -34.56
203.5 161.96 -34.56
203.5 161.96 -34.56
205.89 160.28 -34.56
208.35 158.82 -34.56
210.87 157.71 -34.56
213.44 157.11 -34.56
216.06 157.04 -34.56
218.79 157.04 -34.56
221.56 157.04 -34.56
224.37 157.02 -34.56
227.88 156.84 -34.56
231 156.5 -34.56
232.19 156.04 -34.56
231.48 154.97 -34.56
229.81 153.13 -34.56
227.5 150.87 -34.56
224.88 148.53 -34.56
222.28 146.45 -34.56
219.96 144.9 -34.56
217.63 143.4 -34.56
215.17 141.9 -34.56
212.64 140.57 -34.56
210.06 139.52 -34.56
207.47 138.92 -34.56
204.86 138.88 -34.56
202.15 139.28 -34.56
199.41 139.98 -34.56
196.79 140.83 -34.56
194.37 141.8 -34.56
192.05 143.19 -34.56
189.83 144.9 -34.56
187.72 146.78 -34.56
185.72 148.68 -34.56
183.88 150.64 -34.56
182.18 152.79 -34.56
180.53 154.99 -34.56
178.82 157.13 -34.56
176.95 159.17 -34.56
175.03 161.18 -34.56
173.21 163.23 -34.56
171.63 165.39 -34.56
170.33 167.71 -34.56
169.14 170.17 -34.56
168.07 172.72 -34.56
167.12 175.33 -34.56
166.31 177.94 -34.56
165.58 180.56 -34.56
164.83 183.25 -34.56
164.13 185.98 -34.56
163.51 188.71 -34.56
163.01 191.42 -34.56
162.69 194.08 -34.56
162.59 196.66 -34.56
163.06 199.62 -34.56
164.2 202.81 -34.56
165.77 205.52 -34.56
167.54 207.04 -34.56
169.8 207.14 -34.56
173.07 207.06 -34.56
175.3 206.93 -34.56
176.28 205.98 -34.56
176.99 203.86 -34.56
177.52 200.93 -34.56
177.99 197.56 -34.56
178.5 194.1 -34.56
179.16 190.92 -34.56
180.08 188.33 -34.56
181.39 185.98 -34.56
182.97 183.72 -34.56
184.67 181.5 -34.56
186.32 179.3 -34.56
187.91 177.07 -34.56
189.54 174.84 -34.56
191.22 172.67 -34.56
192.98 170.61 -34.56
194.86 168.69 -34.56
194.86 168.69 -34.56
196.86 166.87 -34.56
202.06 167.45 -43.2
203.89 165.53 -43.2
205.92 163.99 -43.2
208.19 162.67 -43.2
210.63 161.5 -43.2
213.15 160.42 -43.2
215.68 159.38 -43.2
218.35 158.39 -43.2
221.62 157.54 -43.2
224.7 156.7 -43.2
226.67 155.71 -43.2
226.84 154.32 -43.2
226.02 152.08 -43.2
224.59 149.33 -43.2
222.74 146.54 -43.2
220.69 144.17 -43.2
218.62 142.65 -43.2
216.49 142.02 -43.2
213.89 141.5 -43.2
211.02 141.07 -43.2
208.1 140.76 -43.2
205.35 140.58 -43.2
202.97 140.68 -43.2
200.78 142.06 -43.2
198.76 144.25 -43.2
196.93 146.4 -43.2
195.4 148.63 -43.2
194.03 151.06 -43.2
192.59 153.35 -43.2
190.86 155.16 -43.2
188.82 156.71 -43.2
186.54 158.11 -43.2
184.03 159.31 -43.2
181.33 160.26 -43.2
181.33 160.26 -43.2
179.77 162.47 -43.2
178.28 164.72 -43.2
176.86 167 -43.2
175.51 169.32 -43.2
174.24 171.67 -43.2
173.03 174.05 -43.2
171.7 176.46 -43.2
170.35 178.92 -43.2
169.19 181.41 -43.2
168.44 183.94 -43.2
168.26 186.51 -43.2
168.26 189.24 -43.2
168.26 192.11 -43.2
168.26 195.03 -43.2
168.26 197.92 -43.2
168.26 200.69 -43.2
168.26 203.26 -43.2
168.26 205.55 -43.2
168.66 207.59 -43.2
170.62 209.74 -43.2
173.57 211.82 -43.2
176.78 213.65 -43.2
179.5 215 -43.2
181.01 215.69 -43.2
180.97 215.14 -43.2
180.4 212.65 -43.2
179.76 209.23 -43.2
179.4 206 -43.2
179.56 203.36 -43.2
180.08 200.72 -43.2
180.85 198.09 -43.2
181.77 195.51 -43.2
182.73 192.99 -43.2
183.7 190.53 -43.2
184.86 188.1 -43.2
186.17 185.7 -43.2
187.62 183.39 -43.2
189.17 181.19 -43.2
190.8 179.15 -43.2
192.71 177.29 -43.2
194.77 175.52 -43.2
194.77 175.52 -43.2
196.79 173.71 -43.2
198.62 171.72 -43.2
200.34 169.58 -43.2
200.54 167.23 -51.84
202.38 165.89 -51.84
204.38 164.69 -51.84
206.4 163.52 -51.84
208.36 162.18 -51.84
210.29 160.66 -51.84
212.25 159.35 -51.84
214.3 158.62 -51.84
216.51 158.4 -51.84
218.84 158.22 -51.84
221.24 158.09 -51.84
223.61 158 -51.84
225.89 157.97 -51.84
228.03 158.31 -51.84
230.09 159.46 -51.84
232.09 160.94 -51.84
232.09 160.94 -51.84
234.89 160.3 -51.84
235.38 159.46 -51.84
235.38 159.46 -51.84
234.51 158.39 -51.84
232.92 157.15 -51.84
230.82 155.78 -51.84
228.4 154.33 -51.84
225.87 152.85 -51.84
223.43 151.39 -51.84
221.29 150 -51.84
219.4 148.48 -51.84
217.53 146.72 -51.84
215.66 145.06 -51.84
213.76 143.8 -51.84
211.82 143.28 -51.84
209.68 143.66 -51.84
207.39 144.69 -51.84
205.27 146.08 -51.84
203.61 147.56 -51.84
202.47 149.26 -51.84
201.56 151.39 -51.84
200.75 153.73 -51.84
199.89 156.03 -51.84
198.83 158.09 -51.84
197.59 159.99 -51.84
196.22 161.82 -51.84
194.76 163.61 -51.84
193.22 165.37 -51.84
191.63 167.1 -51.84
190.03 168.82 -51.84
188.44 170.55 -51.84
186.89 172.3 -51.84
185.33 174.06 -51.84
183.53 175.77 -51.84
181.67 177.46 -51.84
179.99 179.19 -51.84
178.71 181 -51.84
178.07 182.96 -51.84
177.75 185.14 -51.84
177.49 187.48 -51.84
177.32 189.89 -51.84
177.25 192.23 -51.84
177.51 194.85 -51.84
178.18 197.78 -51.84
179.03 200.3 -51.84
179.83 201.68 -51.84
180.41 201.35 -51.84
180.9 199.67 -51.84
181.37 197.12 -51.84
181.86 194.16 -51.84
182.43 191.26 -51.84
183.13 188.89 -51.84
184.06 186.86 -51.84
185.22 184.89 -51.84
186.56 182.97 -51.84
188.02 181.1 -51.84
189.55 179.26 -51.84
191.08 177.45 -51.84
192.57 175.67 -51.84
194.05 173.88 -51.84
195.59 172.11 -51.84
197.17 170.38 -51.84
198.82 168.74 -51.84
207.47 175.53 -60.48
208.26 173.47 -60.48
209.09 171.63 -60.48
210.04 170.2 -60.48
211.17 169.34 -60.48
212.47 168.71 -60.48
213.93 168.12 -60.48
215.54 167.58 -60.48
217.3 167.1 -60.48
219.2 166.67 -60.48
221.23 166.31 -60.48
223.4 166.02 -60.48
225.69 165.8 -60.48
228.09 165.67 -60.48
230.61 165.62 -60.48
230.61 165.62 -60.48
229.29 164.12 -60.48
227.93 162.68 -60.48
226.54 161.28 -60.48
225.1 159.93 -60.48
223.63 158.63 -60.48
222.13 157.39 -60.48
220.6 156.19 -60.48
219.02 154.93 -60.48
217.38 153.54 -60.48
215.7 152.29 -60.48
214 151.46 -60.48
212.28 151.3 -60.48
210.5 151.73 -60.48
208.68 152.55 -60.48
206.87 153.62 -60.48
205.11 154.78 -60.48
203.46 155.87 -60.48
201.89 156.99 -60.48
200.37 158.23 -60.48
198.89 159.55 -60.48
197.46 160.94 -60.48
196.06 162.36 -60.48
194.71 163.79 -60.48
193.38 165.22 -60.48
192.03 166.68 -60.48
190.68 168.17 -60.48
189.36 169.68 -60.48
188.08 171.23 -60.48
186.88 172.81 -60.48
185.78 174.43 -60.48
184.79 176.08 -60.48
183.95 177.78 -60.48
183.12 179.54 -60.48
182.29 181.37 -60.48
181.52 183.26 -60.48
180.89 185.17 -60.48
180.45 187.09 -60.48
180.27 189.01 -60.48
180.31 191.12 -60.48
180.44 193.59 -60.48
180.66 196.18 -60.48
180.95 198.62 -60.48
181.3 200.69 -60.48
181.72 202.12 -60.48
182.18 202.68 -60.48
183 202.38 -60.48
184.43 201.53 -60.48
186.24 200.3 -60.48
188.22 198.87 -60.48
190.16 197.39 -60.48
191.85 196.03 -60.48
193.32 194.75 -60.48
194.75 193.4 -60.48
196.15 192 -60.48
197.49 190.56 -60.48
198.8 189.09 -60.48
200.07 187.6 -60.48
201.31 186.07 -60.48
202.52 184.51 -60.48
203.68 182.91 -60.48
203.68 182.91 -60.48
204.77 181.29 -60.48
205.79 179.59 -60.48
206.67 177.63 -60.48
205.7 174.29 -69.12
206.87 173.47 -69.12
208.06 172.72 -69.12
208.06 172.72 -69.12
209.26 172.04 -69.12
210.46 171.44 -69.12
211.66 170.93 -69.12
212.87 170.44 -69.12
214.11 169.96 -69.12
215.38 169.5 -69.12
216.66 169.07 -69.12
217.98 168.66 -69.12
219.31 168.29 -69.12
220.67 167.95 -69.12
222.04 167.66 -69.12
223.44 167.42 -69.12
224.86 167.23 -69.12
226.3 167.1 -69.12
226.3 167.1 -69.12
225.66 165.83 -69.12
224.97 164.61 -69.12
224.22 163.43 -69.12
223.43 162.3 -69.12
222.6 161.23 -69.12
221.72 160.21 -69.12
220.81 159.22 -69.12
219.83 158.14 -69.12
218.78 157.03 -69.12
217.68 156.01 -69.12
216.53 155.21 -69.12
215.36 154.74 -69.12
214.15 154.7 -69.12
212.8 154.93 -69.12
211.4 155.34 -69.12
210.02 155.87 -69.12
208.76 156.45 -69.12
207.7 157.06 -69.12
206.77 157.83 -69.12
205.91 158.79 -69.12
205.1 159.88 -69.12
204.34 161.07 -69.12
203.6 162.33 -69.12
202.88 163.63 -69.12
202.15 164.91 -69.12
201.39 166.15 -69.12
200.6 167.3 -69.12
199.78 168.4 -69.12
198.93 169.48 -69.12
198.08 170.56 -69.12
197.23 171.64 -69.12
196.38 172.72 -69.12
195.55 173.82 -69.12
194.75 174.93 -69.12
193.95 176.06 -69.12
193.03 177.2 -69.12
192.07 178.36 -69.12
191.18 179.53 -69.12
190.45 180.71 -69.12
189.99 181.9 -69.12
189.91 183.1 -69.12
190.19 184.53 -69.12
190.76 186.12 -69.12
191.52 187.69 -69.12
192.37 189.08 -69.12
193.23 190.12 -69.12
193.99 190.63 -69.12
194.63 190.5 -69.12
195.22 189.83 -69.12
195.8 188.74 -69.12
196.37 187.35 -69.12
196.95 185.78 -69.12
197.55 184.15 -69.12
198.19 182.56 -69.12
198.89 181.15 -69.12
199.64 180.01 -69.12
200.49 179.01 -69.12
201.41 178.01 -69.12
202.4 177.03 -69.12
203.45 176.08 -69.12
204.55 175.16 -69.12
210.79 181.07 -77.76
211.31 180.97 -77.76
211.87 180.86 -77.76
212.47 180.76 -77.76
213.08 180.65 -77.76
213.69 180.54 -77.76
214.29 180.42 -77.76
214.87 180.3 -77.76
215.41 180.17 -77.76
215.9 180.03 -77.76
216.32 179.88 -77.76
216.67 179.73 -77.76
216.92 179.56 -77.76
217.07 179.37 -77.76
217.11 179.17 -77.76
217.07 178.89 -77.76
217 178.52 -77.76
216.87 178.07 -77.76
216.72 177.56 -77.76
216.53 177 -77.76
216.31 176.43 -77.76
216.06 175.84 -77.76
215.8 175.26 -77.76
215.51 174.7 -77.76
215.22 174.19 -77.76
214.91 173.73 -77.76
214.6 173.36 -77.76
214.29 173.07 -77.76
213.97 172.89 -77.76
213.67 172.84 -77.76
213.32 172.85 -77.76
212.92 172.88 -77.76
212.46 172.91 -77.76
211.95 172.97 -77.76
211.42 173.03 -77.76
210.86 173.11 -77.76
210.28 173.19 -77.76
209.69 173.29 -77.76
209.11 173.4 -77.76
208.54 173.51 -77.76
207.99 173.64 -77.76
207.47 173.77 -77.76
206.99 173.91 -77.76
206.56 174.06 -77.76
206.19 174.21 -77.76
205.88 174.37 -77.76
205.65 174.53 -77.76
205.47 174.71 -77.76
205.29 174.94 -77.76
205.12 175.22 -77.76
204.95 175.53 -77.76
204.79 175.89 -77.76
204.64 176.29 -77.76
204.5 176.72 -77.76
204.36 177.19 -77.76
204.24 177.68 -77.76
204.12 178.2 -77.76
204.02 178.75 -77.76
203.93 179.32 -77.76
203.86 179.9 -77.76
203.8 180.51 -77.76
203.75 181.13 -77.76
203.73 181.77 -77.76
203.72 182.41 -77.76
203.72 182.41 -77.76
204.19 182.34 -77.76
204.67 182.27 -77.76
205.14 182.19 -77.76
205.62 182.12 -77.76
206.09 182.04 -77.76
206.56 181.95 -77.76
207.03 181.86 -77.76
207.5 181.77 -77.76
207.97 181.68 -77.76
208.44 181.59 -77.76
208.91 181.49 -77.76
209.38 181.39 -77.76
209.85 181.28 -77.76
210.31 181.18 -77.76
210.79 181.07 -77.76
