197.07 221.96 0
198.52 222.01 0
198.52 222.01 0
199.98 221.94 0
201.44 221.77 0
202.87 221.5 0
204.29 221.14 0
205.69 220.74 0
207.08 220.33 0
208.47 219.89 0
209.83 219.36 0
211.07 218.6 0
212.09 217.56 0
212.9 216.36 0
213.59 215.08 0
214.21 213.76 0
214.75 212.41 0
215.16 211.01 0
215.41 209.58 0
215.52 208.13 0
215.54 206.67 0
215.49 205.22 0
215.4 203.76 0
215.26 202.31 0
215.05 200.87 0
214.75 199.45 0
214.37 198.04 0
213.9 196.66 0
213.37 195.31 0
212.73 194 0
211.98 192.75 0
211.1 191.6 0
210.12 190.53 0
209.05 189.54 0
207.96 188.58 0
206.71 187.85 0
205.36 187.32 0
204.02 186.76 0
202.62 186.36 0
201.16 186.35 0
199.71 186.35 0
198.25 186.35 0
196.81 186.54 0
195.39 186.86 0
193.96 187.17 0
192.57 187.56 0
191.25 188.18 0
189.93 188.78 0
188.66 189.49 0
187.42 190.26 0
186.25 191.12 0
185.15 192.07 0
184.05 193.03 0
183.02 194.05 0
182.09 195.17 0
181.29 196.38 0
180.6 197.66 0
180.13 199.03 0
179.89 200.47 0
179.69 201.91 0
179.58 203.36 0
179.53 204.82 0
179.55 206.27 0
179.65 207.72 0
179.93 209.15 0
180.43 210.52 0
181.05 211.83 0
181.74 213.11 0
182.5 214.36 0
183.29 215.58 0
184.18 216.73 0
185.14 217.83 0
186.16 218.87 0
187.25 219.83 0
188.49 220.59 0
189.86 221.08 0
191.27 221.41 0
192.72 221.62 0
194.16 221.77 0
195.62 221.87 0
197.58 219.96 -8.64
198.71 220.21 -8.64
198.71 220.21 -8.64
199.87 220.31 -8.64
201.02 220.14 -8.64
202.13 219.76 -8.64
203.2 219.3 -8.64
204.22 218.74 -8.64
205.2 218.11 -8.64
206.16 217.47 -8.64
207.13 216.82 -8.64
208.08 216.15 -8.64
208.96 215.39 -8.64
209.75 214.53 -8.64
210.43 213.59 -8.64
211.03 212.6 -8.64
211.54 211.55 -8.64
211.92 210.45 -8.64
212.11 209.3 -8.64
212.17 208.14 -8.64
212.18 206.98 -8.64
212.17 205.82 -8.64
212.12 204.65 -8.64
212.03 203.49 -8.64
211.89 202.34 -8.64
211.7 201.19 -8.64
211.46 200.05 -8.64
211.12 198.94 -8.64
210.64 197.88 -8.64
210.04 196.89 -8.64
209.34 195.96 -8.64
208.54 195.12 -8.64
207.48 194.7 -8.64
206.37 194.37 -8.64
205.22 194.18 -8.64
204.09 193.9 -8.64
202.98 193.6 -8.64
201.83 193.38 -8.64
200.71 193.09 -8.64
199.57 192.9 -8.64
198.43 192.69 -8.64
197.28 192.56 -8.64
196.12 192.56 -8.64
194.95 192.56 -8.64
193.8 192.68 -8.64
192.71 193.05 -8.64
191.64 193.52 -8.64
190.58 194 -8.64
189.6 194.63 -8.64
188.65 195.3 -8.64
187.71 195.98 -8.64
186.77 196.65 -8.64
185.72 197.16 -8.64
184.74 197.74 -8.64
184.17 198.76 -8.64
183.64 199.79 -8.64
183.24 200.88 -8.64
182.9 201.99 -8.64
182.52 203.09 -8.64
182.21 204.21 -8.64
182.1 205.37 -8.64
182.12 206.53 -8.64
182.27 207.68 -8.64
182.58 208.8 -8.64
183.07 209.86 -8.64
183.57 210.91 -8.64
184.18 211.9 -8.64
184.86 212.85 -8.64
185.56 213.77 -8.64
186.28 214.69 -8.64
187.1 215.51 -8.64
188.01 216.24 -8.64
188.88 217.01 -8.64
189.74 217.79 -8.64
190.83 218.21 -8.64
191.98 218.4 -8.64
193.11 218.65 -8.64
194.22 218.99 -8.64
195.33 219.36 -8.64
196.45 219.68 -8.64
197.22 219.96 -17.28
198.38 219.82 -17.28
198.38 219.82 -17.28
199.52 219.61 -17.28
200.66 219.38 -17.28
201.79 219.11 -17.28
202.91 218.8 -17.28
204.01 218.42 -17.28
205.1 218.01 -17.28
206.21 217.66 -17.28
207.32 217.32 -17.28
208.4 216.88 -17.28
209.38 216.27 -17.28
210.13 215.38 -17.28
210.63 214.33 -17.28
211.01 213.23 -17.28
211.32 212.11 -17.28
211.57 210.98 -17.28
211.76 209.83 -17.28
211.86 208.67 -17.28
211.86 207.51 -17.28
211.79 206.35 -17.28
211.66 205.19 -17.28
211.55 204.03 -17.28
211.47 202.87 -17.28
211.3 201.72 -17.28
211.05 200.59 -17.28
210.66 199.49 -17.28
210.04 198.51 -17.28
209.35 197.57 -17.28
208.66 196.63 -17.28
207.95 195.71 -17.28
207.22 194.81 -17.28
206.44 193.94 -17.28
205.62 193.11 -17.28
204.75 192.35 -17.28
203.8 191.67 -17.28
202.79 191.09 -17.28
201.73 190.63 -17.28
200.62 190.28 -17.28
199.48 190.05 -17.28
198.34 189.8 -17.28
197.2 189.59 -17.28
196.04 189.55 -17.28
194.88 189.7 -17.28
193.75 189.93 -17.28
192.67 190.36 -17.28
191.65 190.92 -17.28
190.69 191.58 -17.28
189.75 192.27 -17.28
188.93 193.08 -17.28
188.18 193.98 -17.28
187.55 194.96 -17.28
187.02 195.99 -17.28
186.51 197.04 -17.28
186.02 198.09 -17.28
185.46 199.11 -17.28
185.15 200.22 -17.28
185.14 201.38 -17.28
185.14 202.54 -17.28
184.98 203.7 -17.28
184.95 204.86 -17.28
184.95 206.02 -17.28
184.77 207.17 -17.28
184.77 208.33 -17.28
184.77 209.5 -17.28
185.33 210.51 -17.28
185.56 211.47 -17.28
186.36 212.32 -17.28
187.04 213.26 -17.28
187.69 214.23 -17.28
188.42 215.13 -17.28
189.25 215.95 -17.28
190.11 216.72 -17.28
191.08 217.37 -17.28
192.02 218.05 -17.28
192.93 218.77 -17.28
193.85 219.48 -17.28
194.9 219.94 -17.28
196.06 220.01 -17.28
196.74 217.25 -25.92
197.6 217.4 -25.92
198.46 217.5 -25.92
198.46 217.5 -25.92
199.34 217.53 -25.92
200.21 217.46 -25.92
201.06 217.28 -25.92
201.89 217 -25.92
202.71 216.7 -25.92
203.54 216.42 -25.92
204.37 216.17 -25.92
205.19 215.84 -25.92
205.9 215.41 -25.92
206.58 214.87 -25.92
207.18 214.24 -25.92
207.37 213.39 -25.92
207.76 212.61 -25.92
208.13 211.82 -25.92
208.31 210.95 -25.92
208.45 210.09 -25.92
208.68 209.25 -25.92
208.87 208.4 -25.92
208.87 207.53 -25.92
208.87 206.65 -25.92
208.85 205.78 -25.92
208.58 204.95 -25.92
208.23 204.15 -25.92
207.88 203.36 -25.92
207.53 202.57 -25.92
207.09 201.81 -25.92
206.63 201.09 -25.92
205.97 200.52 -25.92
205.3 199.96 -25.92
204.64 199.38 -25.92
204 198.79 -25.92
203.37 198.19 -25.92
202.72 197.62 -25.92
201.86 197.45 -25.92
200.99 197.38 -25.92
200.15 197.17 -25.92
199.3 196.97 -25.92
198.44 196.78 -25.92
197.62 196.49 -25.92
196.79 196.2 -25.92
196.01 195.81 -25.92
195.14 195.78 -25.92
194.27 195.78 -25.92
193.41 195.93 -25.92
192.54 195.96 -25.92
191.68 196.11 -25.92
190.9 196.5 -25.92
190.29 197.11 -25.92
189.92 197.9 -25.92
189.54 198.68 -25.92
189.12 199.45 -25.92
188.8 200.26 -25.92
188.4 201.03 -25.92
188.04 201.82 -25.92
187.92 202.68 -25.92
187.85 203.55 -25.92
187.8 204.42 -25.92
187.89 205.29 -25.92
188.08 206.14 -25.92
188.25 207 -25.92
188.35 207.86 -25.92
188.39 208.74 -25.92
188.49 209.6 -25.92
188.68 210.45 -25.92
188.91 211.3 -25.92
189.2 212.12 -25.92
189.56 212.91 -25.92
190 213.67 -25.92
190.52 214.37 -25.92
191.11 215.01 -25.92
191.8 215.54 -25.92
192.57 215.95 -25.92
193.38 216.27 -25.92
194.21 216.56 -25.92
195.04 216.82 -25.92
195.88 217.06 -25.92
197.11 216.73 -34.56
198.07 216.59 -34.56
199.02 216.39 -34.56
199.96 216.15 -34.56
200.88 215.85 -34.56
201.78 215.49 -34.56
202.62 215.01 -34.56
203.35 214.38 -34.56
203.93 213.61 -34.56
204.38 212.76 -34.56
204.77 211.87 -34.56
205.14 210.98 -34.56
205.48 210.07 -34.56
205.75 209.14 -34.56
205.94 208.19 -34.56
206.03 207.23 -34.56
206.02 206.26 -34.56
205.94 205.29 -34.56
205.79 204.34 -34.56
205.59 203.39 -34.56
205.34 202.45 -34.56
205.07 201.52 -34.56
204.76 200.6 -34.56
204.41 199.7 -34.56
203.96 198.85 -34.56
203.4 198.06 -34.56
202.74 197.36 -34.56
202.01 196.71 -34.56
201.26 196.11 -34.56
200.45 195.57 -34.56
199.55 195.25 -34.56
198.6 195.06 -34.56
197.69 194.74 -34.56
196.77 194.44 -34.56
195.85 194.14 -34.56
194.9 193.98 -34.56
193.97 193.7 -34.56
193.04 193.43 -34.56
192.08 193.27 -34.56
191.12 193.23 -34.56
190.16 193.09 -34.56
189.19 193.08 -34.56
188.22 193.09 -34.56
187.42 193.29 -34.56
187.15 194.08 -34.56
186.29 194.45 -34.56
185.34 194.6 -34.56
184.59 195.12 -34.56
184.07 195.93 -34.56
183.56 196.76 -34.56
182.98 197.53 -34.56
182.41 198.32 -34.56
182.25 199.26 -34.56
182.37 200.21 -34.56
182.22 201.17 -34.56
182.22 202.14 -34.56
182.27 203.1 -34.56
182.51 204.04 -34.56
182.69 204.98 -34.56
183.06 205.88 -34.56
183.56 206.71 -34.56
184.09 207.51 -34.56
184.68 208.31 -34.56
185.28 209.07 -34.56
185.91 209.8 -34.56
186.53 210.54 -34.56
187.15 211.29 -34.56
187.71 212.08 -34.56
188.16 212.94 -34.56
188.59 213.8 -34.56
189.09 214.64 -34.56
189.72 215.37 -34.56
190.47 215.98 -34.56
191.33 216.41 -34.56
192.28 216.58 -34.56
193.25 216.66 -34.56
194.21 216.73 -34.56
194.21 216.73 -34.56
195.18 216.79 -34.56
196.15 216.8 -34.56
196.34 217.75 -43.2
197.25 217.77 -43.2
198.13 217.67 -43.2
198.9 217.2 -43.2
199.75 216.91 -43.2
200.55 216.48 -43.2
201.37 216.1 -43.2
202.18 215.68 -43.2
202.92 215.18 -43.2
203.44 214.7 -43.2
203.99 213.99 -43.2
204.66 213.38 -43.2
205.08 212.6 -43.2
205.36 211.75 -43.2
205.48 210.91 -43.2
205.39 210.01 -43.2
205.39 209.1 -43.2
205.39 208.2 -43.2
205.39 207.29 -43.2
205.39 206.38 -43.2
205.32 205.49 -43.2
205.21 204.59 -43.2
205.2 203.68 -43.2
205.09 202.79 -43.2
204.8 201.94 -43.2
204.5 201.08 -43.2
204.16 200.24 -43.2
203.92 199.37 -43.2
203.85 198.47 -43.2
203.71 197.64 -43.2
203.07 197 -43.2
202.39 196.4 -43.2
201.72 195.79 -43.2
201.05 195.18 -43.2
200.36 194.59 -43.2
199.62 194.06 -43.2
198.82 193.65 -43.2
197.96 193.37 -43.2
197.07 193.2 -43.2
196.17 193.08 -43.2
195.27 192.99 -43.2
194.36 192.93 -43.2
193.46 192.95 -43.2
192.56 193.11 -43.2
191.72 193.45 -43.2
190.96 193.94 -43.2
190.26 194.52 -43.2
189.59 195.13 -43.2
188.95 195.77 -43.2
188.33 196.42 -43.2
187.74 197.12 -43.2
187.21 197.85 -43.2
186.78 198.65 -43.2
186.45 199.49 -43.2
186.22 200.37 -43.2
186.04 201.26 -43.2
185.91 202.15 -43.2
185.82 203.05 -43.2
185.77 203.96 -43.2
185.78 204.86 -43.2
185.89 205.76 -43.2
186.11 206.64 -43.2
186.42 207.49 -43.2
186.78 208.32 -43.2
187.15 209.15 -43.2
187.51 209.98 -43.2
187.88 210.81 -43.2
188.25 211.64 -43.2
188.66 212.45 -43.2
189.1 213.23 -43.2
189.59 214 -43.2
190.11 214.74 -43.2
190.67 215.45 -43.2
191.3 216.11 -43.2
192 216.67 -43.2
192.8 217.1 -43.2
193.65 217.4 -43.2
194.54 217.58 -43.2
195.44 217.69 -43.2
196.34 217.75 -43.2
