199.85 242.43 0
202.74 241.77 0
205.55 240.84 0
208.3 239.75 0
211.02 238.59 0
213.68 237.29 0
216.22 235.77 0
218.64 234.06 0
220.94 232.2 0
223.12 230.19 0
225.16 228.04 0
227.09 225.8 0
228.93 223.48 0
230.58 221.02 0
231.91 218.37 0
232.65 215.51 0
232.91 212.56 0
233.1 209.6 0
233.23 206.65 0
233.32 203.69 0
233.35 200.73 0
233.06 197.78 0
232.35 194.91 0
231.33 192.13 0
230.07 189.45 0
228.62 186.87 0
227 184.39 0
225.14 182.09 0
222.95 180.1 0
220.56 178.35 0
218.01 176.84 0
215.33 175.57 0
212.55 174.58 0
209.71 173.72 0
206.85 172.98 0
203.94 172.42 0
200.99 172.11 0
198.03 172.07 0
195.07 172.08 0
192.11 172.11 0
189.15 172.15 0
186.19 172.21 0
183.23 172.28 0
180.29 172.62 0
177.53 173.68 0
174.97 175.18 0
172.59 176.93 0
170.31 178.83 0
168.14 180.84 0
166.17 183.05 0
164.4 185.42 0
162.84 187.93 0
161.54 190.6 0
160.51 193.37 0
159.57 196.18 0
158.74 199.02 0
158.06 201.9 0
157.57 204.82 0
157.35 207.78 0
157.5 210.73 0
158.04 213.64 0
158.84 216.49 0
159.81 219.29 0
160.86 222.06 0
162 224.79 0
163.33 227.43 0
164.87 229.96 0
166.66 232.32 0
168.79 234.38 0
171.31 235.94 0
174.01 237.15 0
176.79 238.16 0
179.62 239.02 0
182.48 239.79 0
185.36 240.5 0
188.23 241.23 0
191.1 241.92 0
194.02 242.46 0
196.97 242.68 0
196.97 242.68 0
200.23 240.97 -8.64
203.12 240.54 -8.64
206.02 240.19 -8.64
208.77 239.2 -8.64
211.6 238.48 -8.64
214.27 237.29 -8.64
216.75 235.74 -8.64
219.16 234.1 -8.64
221.39 232.21 -8.64
223.71 230.44 -8.64
225.55 228.17 -8.64
227.17 225.74 -8.64
228.25 223.02 -8.64
229.38 220.33 -8.64
230.26 217.54 -8.64
230.89 214.69 -8.64
231.25 211.79 -8.64
231.45 208.87 -8.64
231.45 205.95 -8.64
231.45 203.03 -8.64
231.45 200.11 -8.64
231.45 197.19 -8.64
231.44 194.26 -8.64
230.85 191.4 -8.64
229.64 188.74 -8.64
227.95 186.36 -8.64
225.84 184.34 -8.64
223.35 182.8 -8.64
220.76 181.47 -8.64
218.29 179.9 -8.64
215.9 178.22 -8.64
213.37 176.76 -8.64
210.63 175.75 -8.64
208.04 174.4 -8.64
205.32 173.32 -8.64
202.57 172.33 -8.64
199.93 171.08 -8.64
197.01 170.97 -8.64
194.1 170.64 -8.64
191.19 170.53 -8.64
188.29 170.9 -8.64
185.5 171.78 -8.64
182.79 172.88 -8.64
180.07 173.95 -8.64
177.38 175.09 -8.64
174.82 176.49 -8.64
172.23 177.85 -8.64
169.86 179.55 -8.64
167.97 181.78 -8.64
166.17 184.08 -8.64
164.38 186.39 -8.64
162.67 188.76 -8.64
160.92 191.1 -8.64
159.49 193.65 -8.64
158.22 196.28 -8.64
157.66 199.15 -8.64
157.21 202.03 -8.64
156.95 204.95 -8.64
157.36 207.84 -8.64
157.8 210.73 -8.64
158.24 213.62 -8.64
158.83 216.48 -8.64
159.86 219.21 -8.64
161.05 221.88 -8.64
162.21 224.56 -8.64
164.01 226.86 -8.64
165.85 229.13 -8.64
167.81 231.3 -8.64
170.18 233.01 -8.64
172.65 234.58 -8.64
175.17 236.04 -8.64
177.73 237.45 -8.64
180.36 238.74 -8.64
182.91 240.16 -8.64
185.67 241.11 -8.64
188.58 241.44 -8.64
191.5 241.44 -8.64
194.42 241.44 -8.64
197.34 241.44 -8.64
197.34 241.44 -8.64
198.53 240.36 -17.28
201.27 239.57 -17.28
203.93 238.55 -17.28
206.49 237.32 -17.28
208.99 235.94 -17.28
211.61 234.84 -17.28
214.2 233.64 -17.28
216.67 232.24 -17.28
219.25 231.01 -17.28
221.79 229.74 -17.28
224.08 228.04 -17.28
225.36 225.5 -17.28
226.57 222.92 -17.28
227.38 220.19 -17.28
228.25 217.48 -17.28
229.14 214.78 -17.28
229.96 212.05 -17.28
230.55 209.26 -17.28
230.79 206.42 -17.28
230.82 203.58 -17.28
230.66 200.73 -17.28
230.28 197.91 -17.28
229.69 195.13 -17.28
228.66 192.47 -17.28
227.37 189.93 -17.28
225.87 187.51 -17.28
224.12 185.26 -17.28
222.31 183.07 -17.28
220.46 180.9 -17.28
218.22 179.15 -17.28
215.9 177.49 -17.28
213.31 176.31 -17.28
210.52 175.72 -17.28
207.84 174.76 -17.28
205.52 173.11 -17.28
202.87 172.07 -17.28
200.11 171.38 -17.28
197.28 171 -17.28
194.45 171.3 -17.28
191.66 171.85 -17.28
188.88 172.47 -17.28
186.13 173.22 -17.28
183.44 174.16 -17.28
180.76 175.12 -17.28
178.08 176.07 -17.28
175.48 177.22 -17.28
172.95 178.54 -17.28
170.63 180.2 -17.28
168.48 182.06 -17.28
166.45 184.05 -17.28
164.44 186.07 -17.28
162.74 188.35 -17.28
161.29 190.81 -17.28
160.06 193.38 -17.28
158.94 195.99 -17.28
158.28 198.76 -17.28
158.11 201.61 -17.28
158.09 204.45 -17.28
158.55 207.26 -17.28
159.18 210.04 -17.28
159.92 212.79 -17.28
160.78 215.5 -17.28
161.84 218.15 -17.28
162.9 220.79 -17.28
164 223.42 -17.28
165.26 225.97 -17.28
166.66 228.45 -17.28
168.97 230.11 -17.28
170.51 232.5 -17.28
172.17 234.82 -17.28
174.35 236.66 -17.28
176.95 237.81 -17.28
179.56 238.95 -17.28
182.32 239.66 -17.28
185.03 240.54 -17.28
187.74 241.4 -17.28
190.49 242.16 -17.28
193.33 242.06 -17.28
196.07 241.26 -17.28
196.07 241.26 -17.28
198.38 237.43 -25.92
200.8 236.95 -25.92
203.18 236.34 -25.92
205.53 235.61 -25.92
207.84 234.77 -25.92
210.01 233.61 -25.92
211.94 232.1 -25.92
213.69 230.37 -25.92
215.3 228.5 -25.92
216.78 226.54 -25.92
218.18 224.52 -25.92
219.49 222.44 -25.92
220.67 220.28 -25.92
221.72 218.06 -25.92
222.58 215.75 -25.92
223.21 213.38 -25.92
223.75 210.98 -25.92
224.22 208.56 -25.92
224.58 206.13 -25.92
224.79 203.68 -25.92
224.77 201.22 -25.92
224.46 198.78 -25.92
223.91 196.38 -25.92
223.18 194.04 -25.92
222.29 191.74 -25.92
221.25 189.52 -25.92
219.88 187.47 -25.92
218.07 185.81 -25.92
216.07 184.38 -25.92
213.98 183.09 -25.92
211.86 181.83 -25.92
209.8 180.49 -25.92
207.79 179.07 -25.92
205.74 177.72 -25.92
203.55 176.6 -25.92
201.17 175.96 -25.92
198.72 175.92 -25.92
196.26 175.97 -25.92
193.8 176.06 -25.92
191.34 176.18 -25.92
188.89 176.33 -25.92
186.44 176.52 -25.92
184.02 176.95 -25.92
181.71 177.8 -25.92
179.51 178.9 -25.92
177.4 180.16 -25.92
175.33 181.5 -25.92
173.33 182.92 -25.92
171.43 184.49 -25.92
169.68 186.21 -25.92
168.12 188.11 -25.92
166.87 190.23 -25.92
165.82 192.46 -25.92
164.89 194.73 -25.92
164.1 197.06 -25.92
163.49 199.44 -25.92
163.12 201.87 -25.92
163.08 204.33 -25.92
163.34 206.78 -25.92
163.81 209.19 -25.92
164.44 211.57 -25.92
165.17 213.92 -25.92
165.98 216.24 -25.92
166.89 218.52 -25.92
168.05 220.69 -25.92
169.39 222.76 -25.92
170.87 224.72 -25.92
172.46 226.59 -25.92
174.14 228.39 -25.92
175.9 230.11 -25.92
177.73 231.74 -25.92
179.68 233.25 -25.92
181.74 234.6 -25.92
183.94 235.69 -25.92
186.26 236.49 -25.92
188.63 237.17 -25.92
191.04 237.66 -25.92
193.49 237.86 -25.92
195.94 237.75 -25.92
195.94 237.75 -25.92
197.4 233.54 -34.56
199.63 232.97 -34.56
201.82 232.27 -34.56
203.99 231.5 -34.56
206.14 230.68 -34.56
208.22 229.71 -34.56
210.22 228.57 -34.56
212.14 227.3 -34.56
213.96 225.9 -34.56
215.69 224.38 -34.56
217.3 222.74 -34.56
218.84 221.03 -34.56
220.32 219.27 -34.56
221.72 217.44 -34.56
222.98 215.51 -34.56
224.04 213.48 -34.56
224.82 211.31 -34.56
225.12 209.03 -34.56
224.76 206.76 -34.56
223.98 204.59 -34.56
223.11 202.47 -34.56
222.29 200.32 -34.56
221.45 198.18 -34.56
220.56 196.05 -34.56
219.58 193.97 -34.56
218.48 191.95 -34.56
217.22 190.03 -34.56
215.75 188.26 -34.56
214.1 186.66 -34.56
212.31 185.21 -34.56
210.4 183.93 -34.56
208.38 182.83 -34.56
206.25 181.97 -34.56
204.05 181.27 -34.56
201.83 180.67 -34.56
199.6 180.11 -34.56
197.38 179.54 -34.56
195.18 178.85 -34.56
192.99 178.16 -34.56
190.73 177.73 -34.56
188.43 177.8 -34.56
186.15 178.11 -34.56
183.91 178.63 -34.56
181.71 179.3 -34.56
179.56 180.12 -34.56
177.46 181.07 -34.56
175.44 182.17 -34.56
173.53 183.44 -34.56
171.93 185.1 -34.56
170.65 187.01 -34.56
169.57 189.04 -34.56
168.66 191.15 -34.56
167.89 193.32 -34.56
167.21 195.52 -34.56
166.56 197.72 -34.56
166 199.95 -34.56
165.55 202.21 -34.56
165.25 204.49 -34.56
165.15 206.79 -34.56
165.25 209.09 -34.56
165.48 211.37 -34.56
165.83 213.65 -34.56
166.28 215.9 -34.56
166.83 218.14 -34.56
167.68 220.27 -34.56
168.98 222.18 -34.56
170.51 223.89 -34.56
172.19 225.46 -34.56
173.96 226.94 -34.56
175.77 228.35 -34.56
177.63 229.7 -34.56
179.57 230.93 -34.56
181.6 232.02 -34.56
183.74 232.87 -34.56
185.97 233.41 -34.56
188.25 233.74 -34.56
190.54 233.98 -34.56
192.84 234.07 -34.56
195.13 233.93 -34.56
195.13 233.93 -34.56
196.44 230.07 -43.2
198.2 229.76 -43.2
199.92 229.25 -43.2
201.61 228.65 -43.2
203.23 227.88 -43.2
204.74 226.91 -43.2
206.12 225.76 -43.2
207.39 224.49 -43.2
208.56 223.13 -43.2
209.73 221.78 -43.2
210.57 220.19 -43.2
211.11 218.48 -43.2
211.58 216.75 -43.2
212.13 215.05 -43.2
212.55 213.3 -43.2
212.93 211.55 -43.2
213.34 209.8 -43.2
213.76 208.06 -43.2
213.87 206.27 -43.2
213.87 204.48 -43.2
213.87 202.68 -43.2
213.87 200.89 -43.2
213.84 199.09 -43.2
213.42 197.35 -43.2
212.82 195.66 -43.2
212.04 194.05 -43.2
210.98 192.6 -43.2
210.12 191.02 -43.2
209.09 189.56 -43.2
207.69 188.43 -43.2
206.2 187.43 -43.2
204.75 186.38 -43.2
203.16 185.55 -43.2
201.57 184.73 -43.2
199.97 183.91 -43.2
198.3 183.26 -43.2
196.62 182.62 -43.2
194.86 182.29 -43.2
193.08 182.03 -43.2
191.3 182.18 -43.2
189.57 182.67 -43.2
187.83 183.08 -43.2
186.17 183.76 -43.2
184.46 184.3 -43.2
182.74 184.82 -43.2
181.1 185.55 -43.2
179.64 186.59 -43.2
178.32 187.8 -43.2
177.02 189.04 -43.2
176.08 190.57 -43.2
175.45 192.25 -43.2
174.8 193.92 -43.2
174.22 195.62 -43.2
173.93 197.39 -43.2
173.78 199.17 -43.2
173.56 200.95 -43.2
173.42 202.74 -43.2
173.42 204.54 -43.2
173.42 206.33 -43.2
173.42 208.12 -43.2
173.47 209.92 -43.2
173.63 211.7 -43.2
173.9 213.47 -43.2
174.27 215.23 -43.2
174.8 216.94 -43.2
175.8 218.43 -43.2
176.29 220.16 -43.2
177.39 221.57 -43.2
178.73 222.77 -43.2
179.92 224.11 -43.2
181.11 225.45 -43.2
182.56 226.51 -43.2
184.15 227.34 -43.2
185.76 228.12 -43.2
187.48 228.63 -43.2
189.17 229.23 -43.2
190.9 229.69 -43.2
192.66 230.07 -43.2
194.45 230.07 -43.2
194.45 230.07 -43.2
194.49 226.14 -51.84
195.97 226.14 -51.84
197.42 225.82 -51.84
198.83 225.34 -51.84
200.23 224.85 -51.84
201.61 224.3 -51.84
202.93 223.61 -51.84
204.07 222.66 -51.84
205.26 221.77 -51.84
206.19 220.61 -51.84
206.89 219.3 -51.84
207.67 218.04 -51.84
208.24 216.66 -51.84
208.85 215.31 -51.84
209.27 213.88 -51.84
209.54 212.42 -51.84
209.58 210.94 -51.84
209.58 209.45 -51.84
209.56 207.97 -51.84
209.27 206.51 -51.84
208.89 205.08 -51.84
208.67 203.61 -51.84
208.33 202.16 -51.84
207.86 200.75 -51.84
207.43 199.33 -51.84
207.05 197.89 -51.84
206.63 196.47 -51.84
206.17 195.05 -51.84
205.57 193.7 -51.84
204.92 192.36 -51.84
204.09 191.13 -51.84
203.21 189.93 -51.84
202.17 188.87 -51.84
200.91 188.09 -51.84
199.56 187.46 -51.84
198.18 186.92 -51.84
196.72 186.65 -51.84
195.25 186.4 -51.84
193.78 186.21 -51.84
192.3 186.15 -51.84
190.81 186.14 -51.84
189.33 186.24 -51.84
187.88 186.59 -51.84
186.5 187.12 -51.84
185.12 187.68 -51.84
183.72 188.18 -51.84
182.35 188.75 -51.84
181.12 189.58 -51.84
180.03 190.59 -51.84
179.02 191.68 -51.84
178.14 192.88 -51.84
177.56 194.25 -51.84
177.2 195.69 -51.84
176.94 197.15 -51.84
176.86 198.63 -51.84
176.85 200.12 -51.84
176.85 201.61 -51.84
176.85 203.09 -51.84
176.85 204.58 -51.84
176.85 206.06 -51.84
176.86 207.55 -51.84
176.89 209.03 -51.84
177.05 210.51 -51.84
177.33 211.97 -51.84
178.19 213.18 -51.84
178.77 214.55 -51.84
179.36 215.91 -51.84
180.37 217 -51.84
181.14 218.27 -51.84
181.91 219.54 -51.84
182.79 220.74 -51.84
183.62 221.97 -51.84
184.64 223.05 -51.84
186.07 223.47 -51.84
187.39 224.14 -51.84
188.73 224.78 -51.84
190.14 225.26 -51.84
191.6 225.54 -51.84
193.01 226 -51.84
194.49 226.14 -51.84
