185.04 205.18 0
187.87 203.74 0
190.87 202.13 0
193.85 200.35 0
196.57 198.42 0
198.82 196.33 0
200.39 194.09 0
201.42 191.54 0
202.35 188.59 0
203.12 185.38 0
203.68 182.07 0
203.94 178.82 0
203.94 175.69 0
203.9 172.54 0
203.82 169.37 0
203.72 166.21 0
203.59 163.08 0
203.4 159.99 0
202.93 156.84 0
202.19 153.68 0
201.23 150.57 0
200.11 147.55 0
198.88 144.69 0
197.58 142.04 0
195.94 139.4 0
193.89 136.8 0
191.55 134.4 0
189.05 132.35 0
186.49 130.81 0
183.77 129.57 0
180.77 128.4 0
177.62 127.42 0
174.44 126.73 0
171.35 126.44 0
168.36 126.66 0
165.33 127.4 0
162.31 128.55 0
159.33 129.98 0
156.45 131.58 0
153.71 133.25 0
151.13 134.88 0
148.63 136.74 0
146.21 138.88 0
143.97 141.22 0
141.97 143.68 0
140.24 146.18 0
138.53 148.88 0
136.94 151.73 0
135.64 154.69 0
134.78 157.68 0
134.4 160.7 0
134.12 163.82 0
133.9 166.99 0
133.79 170.17 0
133.78 173.33 0
133.87 176.51 0
134.03 179.7 0
134.26 182.84 0
134.55 185.91 0
135.03 188.98 0
136.01 192.21 0
137.39 195.39 0
139.03 198.3 0
140.84 200.74 0
142.73 202.52 0
145.08 204.06 0
147.88 205.47 0
151 206.72 0
154.28 207.74 0
157.57 208.5 0
160.72 208.96 0
163.79 209.24 0
166.91 209.47 0
170.08 209.63 0
173.28 209.69 0
173.28 209.69 0
173.28 209.69 0
176.35 208.77 0
179.34 207.71 0
182.24 206.51 0
187.26 207.93 -8.64
190.15 206.13 -8.64
193.09 204.06 -8.64
195.94 201.77 -8.64
198.55 199.3 -8.64
200.77 196.69 -8.64
202.47 193.97 -8.64
203.77 191.03 -8.64
204.92 187.79 -8.64
205.9 184.37 -8.64
206.7 180.88 -8.64
207.31 177.44 -8.64
207.8 174.03 -8.64
208.25 170.55 -8.64
208.63 167.06 -8.64
208.89 163.62 -8.64
209 160.29 -8.64
208.63 157.08 -8.64
207.46 153.93 -8.64
205.75 150.84 -8.64
203.72 147.81 -8.64
201.61 144.84 -8.64
199.67 141.92 -8.64
197.84 138.95 -8.64
195.91 135.96 -8.64
193.87 133.07 -8.64
191.68 130.42 -8.64
189.32 128.16 -8.64
186.65 126.04 -8.64
183.65 123.88 -8.64
180.45 121.9 -8.64
177.19 120.31 -8.64
174.02 119.34 -8.64
171.05 119.22 -8.64
168.17 120.26 -8.64
165.34 122.23 -8.64
162.55 124.75 -8.64
159.82 127.43 -8.64
157.12 129.89 -8.64
154.45 132.07 -8.64
151.79 134.29 -8.64
149.19 136.58 -8.64
146.68 138.95 -8.64
144.31 141.41 -8.64
142.05 143.98 -8.64
139.81 146.67 -8.64
137.69 149.45 -8.64
135.74 152.33 -8.64
134.06 155.28 -8.64
132.57 158.32 -8.64
131.05 161.5 -8.64
129.6 164.77 -8.64
128.37 168.1 -8.64
127.49 171.44 -8.64
127.07 174.76 -8.64
127.23 178.1 -8.64
127.88 181.52 -8.64
128.89 184.95 -8.64
130.14 188.29 -8.64
131.51 191.44 -8.64
132.99 194.34 -8.64
134.97 197.16 -8.64
137.33 199.84 -8.64
139.92 202.31 -8.64
142.55 204.5 -8.64
145.25 206.6 -8.64
148.13 208.78 -8.64
151.17 210.84 -8.64
154.32 212.56 -8.64
157.54 213.72 -8.64
160.78 214.12 -8.64
164.08 214.1 -8.64
167.49 214.01 -8.64
170.98 213.76 -8.64
174.55 213.28 -8.64
174.55 213.28 -8.64
174.55 213.28 -8.64
177.93 212.23 -8.64
181.19 210.97 -8.64
184.31 209.53 -8.64
186.49 209.31 -17.28
189.75 207.6 -17.28
193.07 205.72 -17.28
196.31 203.66 -17.28
199.29 201.44 -17.28
201.87 199.04 -17.28
203.91 196.46 -17.28
205.8 193.47 -17.28
207.57 190.1 -17.28
208.96 186.53 -17.28
209.73 182.94 -17.28
209.8 179.41 -17.28
209.77 175.82 -17.28
209.7 172.16 -17.28
209.61 168.49 -17.28
209.5 164.83 -17.28
209.36 161.23 -17.28
209.01 157.58 -17.28
208.36 153.86 -17.28
207.46 150.15 -17.28
206.36 146.56 -17.28
205.1 143.17 -17.28
203.72 140.08 -17.28
202.05 137.26 -17.28
199.65 134.57 -17.28
196.76 132.05 -17.28
193.62 129.79 -17.28
190.48 127.87 -17.28
187.34 126.33 -17.28
183.96 125.08 -17.28
180.45 123.95 -17.28
176.93 122.8 -17.28
173.54 121.48 -17.28
170.23 119.52 -17.28
166.97 117.25 -17.28
163.98 115.96 -17.28
161.38 116.97 -17.28
159.02 119.98 -17.28
156.77 123.57 -17.28
154.47 126.54 -17.28
152.14 129.34 -17.28
149.84 132.15 -17.28
147.59 135 -17.28
145.45 137.92 -17.28
143.42 140.9 -17.28
141.4 143.95 -17.28
139.46 147.06 -17.28
137.65 150.23 -17.28
136.07 153.47 -17.28
134.72 156.77 -17.28
133.36 160.16 -17.28
132.07 163.63 -17.28
130.94 167.14 -17.28
130.07 170.69 -17.28
129.56 174.25 -17.28
129.42 177.83 -17.28
129.32 181.53 -17.28
129.23 185.28 -17.28
129.17 188.99 -17.28
129.13 192.6 -17.28
129.12 196.04 -17.28
129.97 199.34 -17.28
132.38 202.43 -17.28
135.01 204.8 -17.28
138.21 206.66 -17.28
141.49 208.27 -17.28
144.79 209.96 -17.28
148.15 211.63 -17.28
151.56 213.09 -17.28
155.02 214.14 -17.28
158.52 214.57 -17.28
162.06 214.61 -17.28
165.66 214.64 -17.28
169.31 214.66 -17.28
173.02 214.66 -17.28
173.02 214.66 -17.28
176.52 213.56 -17.28
176.52 213.56 -17.28
179.95 212.29 -17.28
183.28 210.87 -17.28
187.68 210.96 -25.92
190.96 209.84 -25.92
193.93 208.6 -25.92
196.71 206.98 -25.92
199.48 204.63 -25.92
202.09 201.73 -25.92
204.41 198.49 -25.92
206.29 195.13 -25.92
207.6 191.83 -25.92
208.48 188.55 -25.92
209.27 185.06 -25.92
209.93 181.42 -25.92
210.4 177.72 -25.92
210.63 174.06 -25.92
210.62 170.43 -25.92
210.55 166.73 -25.92
210.41 163.02 -25.92
210.23 159.39 -25.92
210 155.9 -25.92
209.57 152.62 -25.92
208.32 149.43 -25.92
206.39 146.33 -25.92
204 143.33 -25.92
201.39 140.44 -25.92
198.78 137.67 -25.92
196.37 135.02 -25.92
193.85 132.41 -25.92
191.18 129.89 -25.92
188.37 127.51 -25.92
185.46 125.37 -25.92
182.46 123.51 -25.92
179.22 121.62 -25.92
175.79 119.75 -25.92
172.3 118.12 -25.92
168.91 116.96 -25.92
165.74 116.48 -25.92
162.81 117.19 -25.92
160 119.24 -25.92
157.29 122.11 -25.92
154.68 125.27 -25.92
152.15 128.22 -25.92
149.7 130.85 -25.92
147.31 133.56 -25.92
144.99 136.36 -25.92
142.77 139.22 -25.92
140.64 142.14 -25.92
138.52 145.09 -25.92
136.25 148.08 -25.92
134.05 151.14 -25.92
132.17 154.28 -25.92
130.84 157.5 -25.92
130.18 160.84 -25.92
129.67 164.34 -25.92
129.23 167.96 -25.92
128.89 171.63 -25.92
128.66 175.31 -25.92
128.55 178.94 -25.92
128.64 182.56 -25.92
129.07 186.28 -25.92
129.79 190.01 -25.92
130.74 193.61 -25.92
131.84 196.97 -25.92
133.07 199.98 -25.92
135.05 203.01 -25.92
137.75 205.92 -25.92
140.84 208.29 -25.92
143.96 209.69 -25.92
147.16 210.4 -25.92
150.63 210.98 -25.92
154.3 211.45 -25.92
158.05 211.81 -25.92
161.81 212.1 -25.92
165.47 212.32 -25.92
169.07 212.5 -25.92
172.68 212.65 -25.92
176.29 212.72 -25.92
176.29 212.72 -25.92
176.29 212.72 -25.92
180.3 212.49 -25.92
184.11 211.88 -25.92
186.27 208.75 -34.56
189.35 207.33 -34.56
192.35 205.66 -34.56
195.38 203.63 -34.56
198.32 201.31 -34.56
201.02 198.77 -34.56
203.34 196.07 -34.56
205.16 193.3 -34.56
206.61 190.36 -34.56
207.99 187.1 -34.56
209.19 183.64 -34.56
210.06 180.08 -34.56
210.48 176.55 -34.56
210.5 173.07 -34.56
210.47 169.51 -34.56
210.44 165.92 -34.56
210.38 162.37 -34.56
210.31 158.92 -34.56
210.08 155.57 -34.56
209.17 152.15 -34.56
207.69 148.76 -34.56
205.81 145.5 -34.56
203.7 142.46 -34.56
201.52 139.74 -34.56
199.3 137.43 -34.56
196.59 135.42 -34.56
193.52 133.59 -34.56
190.26 131.86 -34.56
187.03 130.14 -34.56
183.97 128.29 -34.56
180.87 126.11 -34.56
177.73 123.77 -34.56
174.58 121.5 -34.56
171.49 119.52 -34.56
168.49 118.05 -34.56
165.63 117.32 -34.56
162.94 117.78 -34.56
160.34 119.82 -34.56
157.85 122.82 -34.56
155.46 126.12 -34.56
153.2 129.07 -34.56
151.06 131.83 -34.56
149.03 134.7 -34.56
147.06 137.63 -34.56
145.12 140.59 -34.56
143.18 143.52 -34.56
141.06 146.41 -34.56
138.8 149.28 -34.56
136.62 152.17 -34.56
134.77 155.13 -34.56
133.46 158.22 -34.56
132.59 161.47 -34.56
131.79 164.86 -34.56
131.09 168.36 -34.56
130.52 171.91 -34.56
130.14 175.48 -34.56
129.97 179.01 -34.56
129.99 182.6 -34.56
130.06 186.3 -34.56
130.19 189.91 -34.56
130.36 193.18 -34.56
130.99 196.12 -34.56
132.79 199.04 -34.56
135.44 201.81 -34.56
138.6 204.32 -34.56
141.92 206.42 -34.56
145.06 207.99 -34.56
148.1 209.21 -34.56
151.39 210.36 -34.56
154.85 211.39 -34.56
158.42 212.23 -34.56
162.01 212.82 -34.56
165.55 213.09 -34.56
169.02 212.99 -34.56
172.5 212.56 -34.56
176 211.84 -34.56
176 211.84 -34.56
176 211.84 -34.56
179.57 211.06 -34.56
183 210.01 -34.56
185.49 207.26 -43.2
188.57 206.44 -43.2
191.58 205.25 -43.2
194.59 203.47 -43.2
197.48 201.25 -43.2
200.13 198.75 -43.2
202.43 196.11 -43.2
204.27 193.48 -43.2
205.9 190.67 -43.2
207.44 187.55 -43.2
208.75 184.24 -43.2
209.69 180.85 -43.2
210.11 177.5 -43.2
210.23 174.15 -43.2
210.33 170.72 -43.2
210.4 167.26 -43.2
210.45 163.84 -43.2
210.47 160.51 -43.2
210.13 157.2 -43.2
209.19 153.84 -43.2
207.8 150.54 -43.2
206.12 147.37 -43.2
204.3 144.45 -43.2
202.47 141.85 -43.2
200.27 139.52 -43.2
197.62 137.37 -43.2
194.71 135.36 -43.2
191.7 133.46 -43.2
188.79 131.63 -43.2
185.9 129.89 -43.2
182.93 128.24 -43.2
179.9 126.66 -43.2
176.86 125.13 -43.2
173.81 123.61 -43.2
170.68 121.78 -43.2
167.59 120.46 -43.2
164.72 120.84 -43.2
161.95 122.7 -43.2
159.29 125.32 -43.2
156.7 127.99 -43.2
154.17 130.28 -43.2
151.64 132.6 -43.2
149.17 135 -43.2
146.84 137.49 -43.2
144.69 140.08 -43.2
142.76 142.79 -43.2
140.96 145.67 -43.2
139.27 148.65 -43.2
137.7 151.71 -43.2
136.24 154.8 -43.2
134.83 157.89 -43.2
133.3 161.02 -43.2
131.79 164.2 -43.2
130.46 167.41 -43.2
129.46 170.66 -43.2
128.96 173.92 -43.2
129 177.26 -43.2
129.29 180.74 -43.2
129.79 184.25 -43.2
130.44 187.65 -43.2
131.2 190.83 -43.2
132.25 193.78 -43.2
134.09 196.75 -43.2
136.51 199.56 -43.2
139.22 201.98 -43.2
141.96 203.79 -43.2
144.78 205.16 -43.2
147.91 206.44 -43.2
151.26 207.56 -43.2
154.73 208.43 -43.2
158.19 208.95 -43.2
161.56 209.05 -43.2
164.92 209.04 -43.2
168.31 208.99 -43.2
171.72 208.86 -43.2
175.16 208.63 -43.2
175.16 208.63 -43.2
175.16 208.63 -43.2
178.75 208.45 -43.2
182.21 207.96 -43.2
184.59 205.73 -51.84
187.79 204.47 -51.84
190.89 203.08 -51.84
193.81 201.55 -51.84
196.47 199.82 -51.84
199.14 197.75 -51.84
201.78 195.36 -51.84
204.18 192.74 -51.84
206.13 189.96 -51.84
207.44 187.11 -51.84
208.33 184.11 -51.84
209.12 180.86 -51.84
209.76 177.47 -51.84
210.21 174.03 -51.84
210.4 170.64 -51.84
210.38 167.25 -51.84
210.29 163.79 -51.84
210.16 160.4 -51.84
209.99 157.26 -51.84
209.38 154.36 -51.84
207.98 151.58 -51.84
205.98 148.89 -51.84
203.54 146.31 -51.84
200.84 143.8 -51.84
198.05 141.38 -51.84
195.34 139.03 -51.84
192.87 136.76 -51.84
190.35 134.59 -51.84
187.71 132.53 -51.84
185 130.52 -51.84
182.3 128.53 -51.84
179.62 126.3 -51.84
176.94 123.73 -51.84
174.22 121.43 -51.84
171.46 119.98 -51.84
168.6 119.97 -51.84
165.56 121.29 -51.84
162.54 123.3 -51.84
159.79 125.37 -51.84
157.33 127.5 -51.84
155.02 129.93 -51.84
152.82 132.53 -51.84
150.69 135.19 -51.84
148.59 137.8 -51.84
146.42 140.4 -51.84
144.24 143.03 -51.84
142.18 145.73 -51.84
140.33 148.5 -51.84
138.81 151.36 -51.84
137.5 154.36 -51.84
136.26 157.47 -51.84
135.13 160.68 -51.84
134.14 163.93 -51.84
133.32 167.22 -51.84
132.69 170.5 -51.84
132.23 173.82 -51.84
131.79 177.25 -51.84
131.42 180.72 -51.84
131.14 184.1 -51.84
130.99 187.3 -51.84
131.13 190.29 -51.84
132.23 193.41 -51.84
134.16 196.52 -51.84
136.65 199.43 -51.84
139.45 201.94 -51.84
142.3 203.86 -51.84
144.99 205.03 -51.84
147.97 205.89 -51.84
151.27 206.62 -51.84
154.75 207.21 -51.84
158.25 207.67 -51.84
161.63 208.02 -51.84
164.95 208.33 -51.84
168.28 208.59 -51.84
171.63 208.78 -51.84
174.98 208.87 -51.84
174.98 208.87 -51.84
174.98 208.87 -51.84
178.21 207.96 -51.84
181.38 206.89 -51.84
184.25 202.45 -60.48
186.91 201.14 -60.48
189.49 199.66 -60.48
192.06 197.93 -60.48
194.57 196 -60.48
196.94 193.9 -60.48
199.11 191.68 -60.48
201.02 189.39 -60.48
202.71 187.01 -60.48
204.46 184.4 -60.48
206.08 181.61 -60.48
207.34 178.72 -60.48
208.03 175.79 -60.48
208.08 172.85 -60.48
208.05 169.8 -60.48
208 166.69 -60.48
207.93 163.6 -60.48
207.84 160.59 -60.48
207.48 157.63 -60.48
206.65 154.62 -60.48
205.44 151.66 -60.48
203.98 148.81 -60.48
202.39 146.15 -60.48
200.76 143.75 -60.48
198.91 141.55 -60.48
196.65 139.48 -60.48
194.13 137.56 -60.48
191.48 135.8 -60.48
188.83 134.23 -60.48
186.18 132.72 -60.48
183.41 131.15 -60.48
180.56 129.73 -60.48
177.66 128.66 -60.48
174.77 128.14 -60.48
171.88 128.27 -60.48
168.89 128.82 -60.48
165.88 129.69 -60.48
162.89 130.81 -60.48
160 132.08 -60.48
157.25 133.4 -60.48
154.67 134.77 -60.48
152.09 136.47 -60.48
149.59 138.45 -60.48
147.29 140.65 -60.48
145.3 142.96 -60.48
143.72 145.34 -60.48
142.42 147.97 -60.48
141.28 150.82 -60.48
140.24 153.79 -60.48
139.23 156.76 -60.48
138.16 159.65 -60.48
136.9 162.49 -60.48
135.53 165.32 -60.48
134.19 168.16 -60.48
133.05 171.02 -60.48
132.24 173.92 -60.48
131.94 176.85 -60.48
132.03 179.99 -60.48
132.29 183.17 -60.48
132.65 185.92 -60.48
133.69 188.26 -60.48
135.64 190.42 -60.48
138.22 192.43 -60.48
141.13 194.3 -60.48
144.08 196.04 -60.48
146.79 197.67 -60.48
149.36 199.38 -60.48
152.01 201.18 -60.48
154.74 202.87 -60.48
157.54 204.27 -60.48
160.38 205.19 -60.48
163.27 205.45 -60.48
166.22 205.45 -60.48
169.24 205.45 -60.48
172.33 205.45 -60.48
175.49 205.45 -60.48
175.49 205.45 -60.48
175.49 205.45 -60.48
178.51 204.63 -60.48
181.44 203.62 -60.48
182.73 196.97 -69.12
184.99 196.13 -69.12
187.11 195.07 -69.12
189.16 193.59 -69.12
191.12 191.8 -69.12
192.96 189.81 -69.12
194.65 187.73 -69.12
196.19 185.67 -69.12
197.67 183.61 -69.12
199.18 181.42 -69.12
200.58 179.12 -69.12
201.69 176.75 -69.12
202.34 174.35 -69.12
202.54 171.91 -69.12
202.67 169.35 -69.12
202.78 166.74 -69.12
202.86 164.11 -69.12
202.9 161.54 -69.12
202.91 159.07 -69.12
202.48 156.61 -69.12
201.54 154.13 -69.12
200.23 151.73 -69.12
198.71 149.48 -69.12
197.14 147.47 -69.12
195.54 145.74 -69.12
193.59 144.13 -69.12
191.38 142.65 -69.12
189.04 141.34 -69.12
186.7 140.21 -69.12
184.39 139.19 -69.12
181.98 138.16 -69.12
179.51 137.23 -69.12
177.01 136.52 -69.12
174.52 136.15 -69.12
172.03 136.18 -69.12
169.46 136.49 -69.12
166.88 137.02 -69.12
164.31 137.72 -69.12
161.83 138.54 -69.12
159.48 139.42 -69.12
157.3 140.4 -69.12
155.2 141.76 -69.12
153.2 143.44 -69.12
151.29 145.32 -69.12
149.49 147.25 -69.12
147.77 149.14 -69.12
145.98 151.07 -69.12
144.2 153.1 -69.12
142.6 155.22 -69.12
141.34 157.41 -69.12
140.57 159.67 -69.12
140.05 162.07 -69.12
139.59 164.59 -69.12
139.19 167.19 -69.12
138.89 169.82 -69.12
138.69 172.42 -69.12
138.61 174.94 -69.12
138.84 177.42 -69.12
139.53 179.92 -69.12
140.54 182.38 -69.12
141.75 184.75 -69.12
143.04 187 -69.12
144.36 189.12 -69.12
146 191.23 -69.12
147.9 193.05 -69.12
149.91 194.32 -69.12
152.12 195.42 -69.12
154.52 196.43 -69.12
157.04 197.31 -69.12
159.63 197.99 -69.12
162.22 198.42 -69.12
164.76 198.54 -69.12
167.28 198.54 -69.12
169.84 198.54 -69.12
172.41 198.54 -69.12
175.01 198.54 -69.12
175.01 198.54 -69.12
175.01 198.54 -69.12
177.7 198.25 -69.12
180.29 197.7 -69.12
180.71 191.7 -77.76
182.62 190.89 -77.76
184.5 190.04 -77.76
186.41 189.15 -77.76
188.5 188.23 -77.76
190.5 187.23 -77.76
192.09 186.08 -77.76
193.04 184.69 -77.76
193.83 182.91 -77.76
194.5 180.84 -77.76
195.01 178.64 -77.76
195.3 176.45 -77.76
195.38 174.39 -77.76
195.43 172.31 -77.76
195.46 170.22 -77.76
195.48 168.12 -77.76
195.5 166.05 -77.76
195.46 164 -77.76
195.19 161.92 -77.76
194.69 159.83 -77.76
194.01 157.77 -77.76
193.21 155.81 -77.76
192.36 153.97 -77.76
191.41 152.3 -77.76
190.11 150.7 -77.76
188.55 149.21 -77.76
186.87 147.83 -77.76
185.21 146.59 -77.76
183.51 145.32 -77.76
181.73 144.01 -77.76
179.88 142.81 -77.76
177.99 141.87 -77.76
176.06 141.34 -77.76
174.12 141.3 -77.76
172.08 141.47 -77.76
169.99 141.78 -77.76
167.89 142.2 -77.76
165.81 142.69 -77.76
163.8 143.23 -77.76
161.87 143.82 -77.76
159.95 144.64 -77.76
158.05 145.67 -77.76
156.25 146.85 -77.76
154.61 148.11 -77.76
153.14 149.43 -77.76
151.7 150.93 -77.76
150.3 152.6 -77.76
149.04 154.39 -77.76
148 156.25 -77.76
147.27 158.13 -77.76
146.8 160.05 -77.76
146.38 162.08 -77.76
146.03 164.18 -77.76
145.78 166.29 -77.76
145.66 168.38 -77.76
145.78 170.41 -77.76
146.27 172.45 -77.76
146.96 174.46 -77.76
147.67 176.4 -77.76
148.42 178.39 -77.76
149.27 180.43 -77.76
150.21 182.45 -77.76
151.26 184.39 -77.76
152.39 186.16 -77.76
153.62 187.7 -77.76
154.94 188.93 -77.76
156.49 190.05 -77.76
158.29 191.13 -77.76
160.28 192.11 -77.76
162.36 192.91 -77.76
164.46 193.45 -77.76
166.51 193.68 -77.76
168.53 193.73 -77.76
170.59 193.77 -77.76
172.69 193.8 -77.76
174.82 193.81 -77.76
174.82 193.81 -77.76
174.82 193.81 -77.76
176.81 193.17 -77.76
178.78 192.46 -77.76
176.78 182.6 -86.4
178 182.04 -86.4
179.2 181.42 -86.4
180.39 180.71 -86.4
181.54 179.92 -86.4
182.65 179.06 -86.4
183.67 178.16 -86.4
184.59 177.22 -86.4
185.53 176.2 -86.4
186.5 175.08 -86.4
187.34 173.9 -86.4
187.93 172.67 -86.4
188.13 171.43 -86.4
188.11 170.15 -86.4
188.08 168.8 -86.4
188.02 167.4 -86.4
187.94 165.98 -86.4
187.85 164.56 -86.4
187.73 163.15 -86.4
187.59 161.77 -86.4
187.44 160.46 -86.4
187.26 159.21 -86.4
186.86 157.97 -86.4
186.17 156.73 -86.4
185.29 155.55 -86.4
184.29 154.49 -86.4
183.27 153.62 -86.4
182.18 152.88 -86.4
180.9 152.23 -86.4
179.58 151.93 -86.4
178.26 151.89 -86.4
176.89 151.86 -86.4
175.51 151.84 -86.4
174.13 151.82 -86.4
172.77 151.82 -86.4
171.42 151.92 -86.4
170.07 152.17 -86.4
168.72 152.54 -86.4
167.4 152.99 -86.4
166.12 153.49 -86.4
164.9 153.99 -86.4
163.69 154.6 -86.4
162.48 155.36 -86.4
161.34 156.22 -86.4
160.34 157.15 -86.4
159.52 158.12 -86.4
158.84 159.22 -86.4
158.23 160.45 -86.4
157.69 161.76 -86.4
157.19 163.07 -86.4
156.7 164.36 -86.4
156.18 165.63 -86.4
155.64 166.92 -86.4
155.15 168.22 -86.4
154.76 169.53 -86.4
154.54 170.86 -86.4
154.51 172.2 -86.4
154.54 173.62 -86.4
154.61 175.07 -86.4
154.7 176.47 -86.4
154.82 177.74 -86.4
155.06 178.85 -86.4
155.79 179.94 -86.4
156.89 180.97 -86.4
158.18 181.85 -86.4
159.47 182.5 -86.4
160.66 182.93 -86.4
161.93 183.31 -86.4
163.28 183.65 -86.4
164.67 183.91 -86.4
166.06 184.09 -86.4
167.44 184.16 -86.4
168.79 184.16 -86.4
170.15 184.13 -86.4
171.51 184.04 -86.4
172.88 183.89 -86.4
172.88 183.89 -86.4
172.88 183.89 -86.4
174.22 183.52 -86.4
175.52 183.09 -86.4
172.15 173.77 -95.04
172.15 173.77 -95.04
172.61 173.71 -95.04
173 173.44 -95.04
173.45 173.42 -95.04
173.54 172.99 -95.04
174.04 172.91 -95.04
174.47 172.73 -95.04
174.52 172.28 -95.04
174.99 172.1 -95.04
175.45 171.99 -95.04
175.83 171.72 -95.04
175.89 171.26 -95.04
176.27 170.99 -95.04
176.76 170.83 -95.04
176.85 170.42 -95.04
176.85 169.95 -95.04
176.85 169.48 -95.04
176.85 169.01 -95.04
176.85 168.54 -95.04
176.85 168.07 -95.04
176.85 167.6 -95.04
176.85 167.13 -95.04
176.85 166.66 -95.04
176.57 166.29 -95.04
176.1 166.26 -95.04
175.83 165.88 -95.04
175.83 165.41 -95.04
175.83 164.94 -95.04
175.53 164.58 -95.04
175.06 164.58 -95.04
174.59 164.58 -95.04
174.15 164.42 -95.04
173.72 164.23 -95.04
173.27 164.1 -95.04
172.86 163.89 -95.04
172.39 163.89 -95.04
171.92 163.89 -95.04
171.45 163.89 -95.04
170.98 163.89 -95.04
170.51 163.89 -95.04
170.04 163.89 -95.04
169.57 163.89 -95.04
169.21 164.22 -95.04
168.76 164.23 -95.04
168.29 164.23 -95.04
167.75 164.23 -95.04
167.83 164.4 -95.04
168.28 164.85 -95.04
168.09 164.92 -95.04
167.58 164.92 -95.04
167.11 164.92 -95.04
166.62 164.94 -95.04
166.33 165.23 -95.04
166.3 165.72 -95.04
166.32 166.22 -95.04
166.7 166.35 -95.04
167.06 166.63 -95.04
167.29 167.04 -95.04
167.38 167.5 -95.04
167.6 167.91 -95.04
167.96 168.24 -95.04
168.04 168.69 -95.04
168.29 169.07 -95.04
168.62 169.39 -95.04
168.73 169.86 -95.04
169.02 170.18 -95.04
169.02 170.66 -95.04
169.02 171.13 -95.04
169.02 171.6 -95.04
169.02 172.07 -95.04
169.12 172.53 -95.04
169.45 172.84 -95.04
169.78 173.18 -95.04
170.06 173.58 -95.04
170.48 173.74 -95.04
170.88 173.98 -95.04
171.33 174.11 -95.04
171.8 174.08 -95.04
172.15 173.77 -95.04
