201.57 220.08 0
201.57 220.08 0
204.19 219.94 0
206.72 219.28 0
209.13 218.24 0
211.43 216.98 0
213.66 215.61 0
215.88 214.21 0
218.12 212.86 0
220.39 211.54 0
222.61 210.15 0
224.77 208.67 0
226.84 207.06 0
228.78 205.3 0
230.68 203.5 0
232.48 201.59 0
234 199.46 0
234.92 197 0
235.32 194.41 0
235.63 191.81 0
235.86 189.2 0
235.99 186.58 0
235.98 183.96 0
235.44 181.4 0
234.43 178.98 0
233.15 176.7 0
231.71 174.5 0
230.22 172.35 0
228.6 170.29 0
226.82 168.37 0
224.9 166.58 0
222.88 164.92 0
220.75 163.39 0
218.53 161.99 0
216.24 160.73 0
213.87 159.6 0
211.44 158.62 0
208.95 157.82 0
206.41 157.18 0
203.85 156.6 0
201.26 156.2 0
198.64 156.13 0
196.05 156.53 0
193.52 157.22 0
191.03 158.02 0
188.58 158.96 0
186.22 160.1 0
183.94 161.39 0
181.73 162.8 0
179.56 164.27 0
177.43 165.79 0
175.33 167.37 0
173.37 169.1 0
171.67 171.09 0
170.37 173.37 0
169.22 175.72 0
168.2 178.14 0
167.35 180.62 0
166.72 183.16 0
166.36 185.75 0
166.36 188.38 0
166.64 190.98 0
167.11 193.56 0
167.72 196.11 0
168.44 198.63 0
169.39 201.07 0
170.69 203.35 0
172.22 205.47 0
173.92 207.46 0
175.74 209.35 0
177.63 211.16 0
179.6 212.89 0
181.67 214.51 0
183.85 215.96 0
186.18 217.15 0
188.67 217.98 0
191.21 218.61 0
193.78 219.15 0
196.36 219.59 0
198.96 219.91 0
201.48 219.96 -8.64
201.48 219.96 -8.64
204.16 219.87 -8.64
206.82 219.6 -8.64
209.47 219.19 -8.64
212.09 218.67 -8.64
214.69 218.05 -8.64
217.25 217.25 -8.64
219.61 216 -8.64
221.78 214.43 -8.64
223.79 212.67 -8.64
225.69 210.79 -8.64
227.51 208.82 -8.64
229.26 206.8 -8.64
230.9 204.69 -8.64
232.39 202.46 -8.64
233.66 200.11 -8.64
234.6 197.6 -8.64
235.2 195 -8.64
235.7 192.37 -8.64
236.06 189.72 -8.64
236.25 187.05 -8.64
236.05 184.38 -8.64
235.34 181.8 -8.64
234.27 179.35 -8.64
232.97 177.01 -8.64
231.5 174.77 -8.64
229.95 172.6 -8.64
228.34 170.46 -8.64
226.6 168.42 -8.64
224.69 166.55 -8.64
222.65 164.83 -8.64
220.46 163.28 -8.64
218.13 161.96 -8.64
215.74 160.77 -8.64
213.3 159.67 -8.64
210.79 158.75 -8.64
208.19 158.11 -8.64
205.52 157.88 -8.64
202.85 157.87 -8.64
200.17 157.87 -8.64
197.5 157.87 -8.64
194.82 157.87 -8.64
192.15 157.87 -8.64
189.48 158.04 -8.64
186.95 158.91 -8.64
184.53 160.07 -8.64
182.06 161.09 -8.64
179.49 161.83 -8.64
176.9 162.52 -8.64
174.36 163.35 -8.64
172.01 164.63 -8.64
170.47 166.81 -8.64
169.43 169.28 -8.64
168.74 171.86 -8.64
168.38 174.51 -8.64
168.1 177.18 -8.64
167.86 179.84 -8.64
167.66 182.51 -8.64
167.5 185.18 -8.64
167.39 187.85 -8.64
167.32 190.53 -8.64
167.39 193.2 -8.64
168.32 195.71 -8.64
169.71 198 -8.64
171 200.34 -8.64
172.07 202.79 -8.64
173.09 205.26 -8.64
174.17 207.71 -8.64
175.41 210.08 -8.64
176.97 212.25 -8.64
178.91 214.09 -8.64
181.02 215.75 -8.64
183.26 217.21 -8.64
185.63 218.45 -8.64
188.14 219.36 -8.64
190.78 219.82 -8.64
193.46 219.89 -8.64
196.13 219.93 -8.64
198.81 219.95 -8.64
200.35 224.77 -17.28
200.35 224.77 -17.28
202.98 224.65 -17.28
205.6 224.34 -17.28
208.2 223.87 -17.28
210.78 223.29 -17.28
213.33 222.58 -17.28
215.75 221.52 -17.28
217.94 220.03 -17.28
219.93 218.29 -17.28
221.78 216.39 -17.28
223.52 214.4 -17.28
225.2 212.36 -17.28
226.86 210.31 -17.28
228.48 208.21 -17.28
229.97 206.03 -17.28
231.25 203.72 -17.28
232.18 201.24 -17.28
232.92 198.7 -17.28
233.55 196.13 -17.28
234.02 193.53 -17.28
234.25 190.9 -17.28
234.02 188.26 -17.28
233.29 185.72 -17.28
232.22 183.3 -17.28
230.92 181 -17.28
229.46 178.79 -17.28
227.91 176.65 -17.28
226.3 174.55 -17.28
224.66 172.47 -17.28
222.87 170.54 -17.28
220.92 168.74 -17.28
218.86 167.08 -17.28
216.69 165.57 -17.28
214.47 164.13 -17.28
212.25 162.71 -17.28
209.96 161.38 -17.28
207.56 160.26 -17.28
205.03 159.49 -17.28
202.4 159.26 -17.28
199.76 159.28 -17.28
197.11 159.35 -17.28
194.47 159.45 -17.28
191.83 159.59 -17.28
189.19 159.76 -17.28
186.55 159.96 -17.28
183.93 160.31 -17.28
181.38 161 -17.28
178.91 161.96 -17.28
176.57 163.18 -17.28
174.49 164.82 -17.28
172.85 166.89 -17.28
171.49 169.16 -17.28
170.36 171.55 -17.28
169.43 174.03 -17.28
168.67 176.56 -17.28
167.97 179.11 -17.28
167.37 181.68 -17.28
166.88 184.28 -17.28
166.56 186.91 -17.28
166.46 189.55 -17.28
166.65 192.19 -17.28
167.1 194.79 -17.28
167.75 197.36 -17.28
168.55 199.88 -17.28
169.46 202.36 -17.28
170.51 204.79 -17.28
171.93 207.02 -17.28
173.58 209.08 -17.28
175.39 211.02 -17.28
177.28 212.86 -17.28
179.24 214.64 -17.28
181.26 216.34 -17.28
183.37 217.94 -17.28
185.56 219.42 -17.28
187.85 220.74 -17.28
190.24 221.88 -17.28
192.69 222.87 -17.28
195.17 223.78 -17.28
197.72 224.48 -17.28
201.55 222.44 -25.92
201.55 222.44 -25.92
204.09 222.34 -25.92
206.62 222.07 -25.92
209.13 221.66 -25.92
211.61 221.13 -25.92
214.06 220.46 -25.92
216.33 219.31 -25.92
218.29 217.69 -25.92
220.06 215.87 -25.92
221.76 213.98 -25.92
223.5 212.12 -25.92
225.24 210.28 -25.92
226.93 208.37 -25.92
228.47 206.36 -25.92
229.78 204.18 -25.92
230.83 201.87 -25.92
231.8 199.51 -25.92
232.57 197.09 -25.92
232.99 194.59 -25.92
232.94 192.05 -25.92
232.62 189.52 -25.92
232.11 187.04 -25.92
231.43 184.59 -25.92
230.62 182.18 -25.92
229.69 179.81 -25.92
228.66 177.49 -25.92
227.55 175.2 -25.92
226.35 172.97 -25.92
224.81 170.94 -25.92
223.01 169.15 -25.92
221.09 167.48 -25.92
219.14 165.85 -25.92
217.17 164.25 -25.92
215.11 162.76 -25.92
212.92 161.48 -25.92
210.55 160.54 -25.92
208.06 160.04 -25.92
205.55 159.64 -25.92
203.03 159.31 -25.92
200.5 159.06 -25.92
197.97 158.89 -25.92
195.43 158.83 -25.92
192.89 158.97 -25.92
190.38 159.36 -25.92
187.91 159.96 -25.92
185.49 160.73 -25.92
183.12 161.65 -25.92
180.82 162.74 -25.92
178.62 164.01 -25.92
176.75 165.72 -25.92
175.2 167.74 -25.92
173.9 169.92 -25.92
172.79 172.21 -25.92
171.88 174.58 -25.92
171.11 177.01 -25.92
170.41 179.45 -25.92
169.8 181.92 -25.92
169.31 184.41 -25.92
168.99 186.93 -25.92
168.88 189.47 -25.92
169.14 192 -25.92
169.73 194.47 -25.92
170.52 196.89 -25.92
171.42 199.26 -25.92
172.36 201.62 -25.92
173.37 203.96 -25.92
174.52 206.22 -25.92
175.82 208.41 -25.92
177.27 210.49 -25.92
178.91 212.43 -25.92
180.74 214.2 -25.92
182.68 215.84 -25.92
184.74 217.33 -25.92
186.9 218.66 -25.92
189.18 219.79 -25.92
191.57 220.65 -25.92
194.02 221.32 -25.92
196.5 221.88 -25.92
199.01 222.28 -25.92
201.52 222.96 -34.56
203.99 223.12 -34.56
203.99 223.12 -34.56
206.41 222.9 -34.56
208.81 222.34 -34.56
211.14 221.54 -34.56
213.42 220.58 -34.56
215.64 219.51 -34.56
217.72 218.18 -34.56
219.58 216.56 -34.56
221.29 214.77 -34.56
222.88 212.89 -34.56
224.41 210.95 -34.56
225.93 209.01 -34.56
227.48 207.09 -34.56
228.98 205.13 -34.56
230.3 203.04 -34.56
231.23 200.76 -34.56
231.94 198.39 -34.56
232.52 195.99 -34.56
232.87 193.55 -34.56
232.86 191.08 -34.56
232.47 188.64 -34.56
231.86 186.25 -34.56
231.16 183.88 -34.56
230.27 181.58 -34.56
229.18 179.37 -34.56
227.97 177.22 -34.56
226.68 175.11 -34.56
225.36 173.03 -34.56
223.97 170.98 -34.56
222.44 169.05 -34.56
220.65 167.35 -34.56
218.61 165.96 -34.56
216.5 164.68 -34.56
214.32 163.52 -34.56
212.08 162.5 -34.56
209.76 161.64 -34.56
207.37 161.02 -34.56
204.93 160.68 -34.56
202.46 160.65 -34.56
199.99 160.68 -34.56
197.52 160.72 -34.56
195.06 160.79 -34.56
192.59 160.88 -34.56
190.12 161.01 -34.56
187.7 161.47 -34.56
185.37 162.28 -34.56
183.14 163.34 -34.56
181.02 164.6 -34.56
179.01 166.04 -34.56
177.2 167.71 -34.56
175.58 169.58 -34.56
174.18 171.61 -34.56
173.06 173.81 -34.56
172.35 176.17 -34.56
171.97 178.61 -34.56
171.67 181.06 -34.56
171.43 183.52 -34.56
171.26 185.98 -34.56
171.14 188.45 -34.56
171.1 190.91 -34.56
171.51 193.35 -34.56
172.44 195.64 -34.56
173.62 197.8 -34.56
174.9 199.91 -34.56
176.13 202.05 -34.56
177.28 204.24 -34.56
178.45 206.41 -34.56
179.68 208.55 -34.56
181.04 210.61 -34.56
182.56 212.56 -34.56
184.24 214.36 -34.56
186.02 216.07 -34.56
187.9 217.67 -34.56
189.9 219.12 -34.56
192.03 220.36 -34.56
194.31 221.3 -34.56
196.69 221.98 -34.56
199.09 222.55 -34.56
200.95 219.16 -43.2
200.95 219.16 -43.2
203.11 219.54 -43.2
205.29 219.8 -43.2
207.48 219.91 -43.2
209.63 219.48 -43.2
211.59 218.51 -43.2
213.41 217.29 -43.2
215.18 215.99 -43.2
216.97 214.73 -43.2
218.79 213.51 -43.2
220.55 212.21 -43.2
222.17 210.73 -43.2
223.49 208.98 -43.2
224.55 207.06 -43.2
225.45 205.06 -43.2
226.17 202.99 -43.2
226.7 200.87 -43.2
227.04 198.7 -43.2
227.28 196.53 -43.2
227.48 194.34 -43.2
227.61 192.16 -43.2
227.66 189.96 -43.2
227.48 187.78 -43.2
227 185.64 -43.2
226.35 183.55 -43.2
225.64 181.48 -43.2
224.81 179.45 -43.2
223.8 177.51 -43.2
222.59 175.68 -43.2
221.15 174.03 -43.2
219.51 172.57 -43.2
217.7 171.34 -43.2
215.72 170.4 -43.2
213.65 169.66 -43.2
211.55 169.05 -43.2
209.43 168.52 -43.2
207.28 168.05 -43.2
205.14 167.62 -43.2
202.99 167.2 -43.2
200.84 166.76 -43.2
198.7 166.29 -43.2
196.55 165.85 -43.2
194.38 165.53 -43.2
192.19 165.44 -43.2
190.01 165.58 -43.2
187.83 165.86 -43.2
185.68 166.27 -43.2
183.56 166.83 -43.2
181.53 167.65 -43.2
179.95 169.17 -43.2
178.76 171.01 -43.2
177.78 172.97 -43.2
176.92 174.99 -43.2
176.11 177.02 -43.2
175.28 179.05 -43.2
174.45 181.08 -43.2
173.66 183.12 -43.2
172.99 185.21 -43.2
172.5 187.35 -43.2
172.3 189.53 -43.2
172.55 191.71 -43.2
173.21 193.79 -43.2
174.09 195.8 -43.2
175.07 197.76 -43.2
176.06 199.72 -43.2
177.09 201.65 -43.2
178.22 203.53 -43.2
179.45 205.34 -43.2
180.78 207.08 -43.2
182.22 208.73 -43.2
183.75 210.3 -43.2
185.34 211.81 -43.2
187 213.24 -43.2
188.74 214.57 -43.2
190.58 215.76 -43.2
192.53 216.76 -43.2
194.59 217.5 -43.2
196.69 218.13 -43.2
198.81 218.68 -43.2
202.07 214.66 -51.84
202.07 214.66 -51.84
203.9 214.63 -51.84
205.75 214.55 -51.84
207.59 214.42 -51.84
209.44 214.26 -51.84
211.27 214.04 -51.84
213.09 213.7 -51.84
214.77 212.91 -51.84
216.27 211.83 -51.84
217.63 210.58 -51.84
218.89 209.22 -51.84
220.06 207.8 -51.84
221.18 206.33 -51.84
222.28 204.84 -51.84
223.3 203.29 -51.84
224.18 201.67 -51.84
224.81 199.93 -51.84
225.02 198.09 -51.84
224.97 196.24 -51.84
224.82 194.4 -51.84
224.6 192.56 -51.84
224.33 190.73 -51.84
224.01 188.91 -51.84
223.6 187.1 -51.84
222.91 185.39 -51.84
221.98 183.79 -51.84
220.89 182.3 -51.84
219.7 180.89 -51.84
218.36 179.61 -51.84
216.9 178.47 -51.84
215.36 177.45 -51.84
213.75 176.53 -51.84
212.08 175.73 -51.84
210.37 175.05 -51.84
208.62 174.45 -51.84
206.85 173.9 -51.84
205.08 173.37 -51.84
203.31 172.81 -51.84
201.57 172.2 -51.84
199.87 171.46 -51.84
198.21 170.65 -51.84
196.54 169.85 -51.84
194.83 169.16 -51.84
193.04 168.69 -51.84
191.19 168.59 -51.84
189.36 168.85 -51.84
187.58 169.35 -51.84
185.85 170.01 -51.84
184.23 170.89 -51.84
182.83 172.11 -51.84
181.63 173.51 -51.84
180.61 175.05 -51.84
179.8 176.72 -51.84
179.25 178.48 -51.84
178.88 180.29 -51.84
178.57 182.12 -51.84
178.33 183.95 -51.84
178.15 185.79 -51.84
178.05 187.64 -51.84
178.06 189.49 -51.84
178.29 191.32 -51.84
178.72 193.12 -51.84
179.29 194.88 -51.84
179.94 196.61 -51.84
180.66 198.32 -51.84
181.56 199.93 -51.84
182.65 201.43 -51.84
183.85 202.84 -51.84
185.11 204.19 -51.84
186.4 205.51 -51.84
187.72 206.81 -51.84
189.07 208.07 -51.84
190.48 209.27 -51.84
191.95 210.39 -51.84
193.5 211.41 -51.84
195.12 212.29 -51.84
196.78 213.1 -51.84
198.48 213.85 -51.84
200.24 214.42 -51.84
203.05 210.18 -60.48
203.05 210.18 -60.48
204.41 210.14 -60.48
205.79 210.04 -60.48
207.16 209.89 -60.48
208.52 209.69 -60.48
209.88 209.45 -60.48
211.21 209.07 -60.48
212.46 208.48 -60.48
213.64 207.76 -60.48
214.75 206.95 -60.48
215.81 206.06 -60.48
216.83 205.13 -60.48
217.82 204.16 -60.48
218.76 203.15 -60.48
219.59 202.05 -60.48
220.23 200.83 -60.48
220.51 199.48 -60.48
220.62 198.1 -60.48
220.7 196.72 -60.48
220.77 195.34 -60.48
220.81 193.96 -60.48
220.84 192.58 -60.48
220.78 191.2 -60.48
220.34 189.89 -60.48
219.65 188.7 -60.48
218.82 187.59 -60.48
217.94 186.54 -60.48
217.04 185.48 -60.48
216.16 184.42 -60.48
215.23 183.4 -60.48
214.2 182.48 -60.48
213.03 181.75 -60.48
211.74 181.27 -60.48
210.42 180.87 -60.48
209.08 180.54 -60.48
207.72 180.3 -60.48
206.34 180.16 -60.48
204.96 180.14 -60.48
203.58 180.14 -60.48
202.2 180.14 -60.48
200.82 180.14 -60.48
199.44 180.14 -60.48
198.06 180.14 -60.48
196.68 180.14 -60.48
195.3 180.14 -60.48
193.92 180.14 -60.48
192.54 180.14 -60.48
191.16 180.14 -60.48
189.78 180.14 -60.48
188.4 180.25 -60.48
187.08 180.65 -60.48
185.85 181.29 -60.48
184.74 182.1 -60.48
183.83 183.14 -60.48
183.52 184.49 -60.48
183.61 185.87 -60.48
183.74 187.24 -60.48
183.91 188.61 -60.48
184.12 189.98 -60.48
184.43 191.32 -60.48
185.05 192.56 -60.48
185.87 193.67 -60.48
186.77 194.72 -60.48
187.66 195.77 -60.48
188.46 196.89 -60.48
189.2 198.06 -60.48
189.92 199.24 -60.48
190.63 200.42 -60.48
191.35 201.6 -60.48
192.11 202.75 -60.48
192.91 203.88 -60.48
193.77 204.96 -60.48
194.65 206.03 -60.48
195.57 207.06 -60.48
196.59 207.99 -60.48
197.76 208.71 -60.48
199.03 209.26 -60.48
200.33 209.72 -60.48
201.67 210.05 -60.48
202.88 203.21 -69.12
203.62 203.32 -69.12
204.35 203.4 -69.12
205.09 203.47 -69.12
205.82 203.52 -69.12
206.56 203.54 -69.12
206.91 202.91 -69.12
207.32 202.44 -69.12
208.04 202.34 -69.12
208.57 201.92 -69.12
208.85 201.24 -69.12
209.19 200.59 -69.12
209.59 199.97 -69.12
210.04 199.42 -69.12
210.61 198.97 -69.12
210.85 198.3 -69.12
210.89 197.56 -69.12
210.89 196.83 -69.12
210.89 196.09 -69.12
210.89 195.35 -69.12
210.89 194.61 -69.12
210.89 193.88 -69.12
210.89 193.14 -69.12
210.88 192.4 -69.12
210.64 191.74 -69.12
210.65 191.06 -69.12
210.77 190.34 -69.12
210.41 189.76 -69.12
209.91 189.22 -69.12
209.42 188.67 -69.12
208.92 188.12 -69.12
208.39 187.61 -69.12
207.8 187.16 -69.12
207.16 186.8 -69.12
206.48 186.53 -69.12
205.77 186.32 -69.12
205.06 186.14 -69.12
204.34 185.98 -69.12
203.61 185.84 -69.12
202.89 185.71 -69.12
202.16 185.6 -69.12
201.43 185.61 -69.12
200.73 185.82 -69.12
200.06 186.13 -69.12
199.37 186.4 -69.12
198.66 186.6 -69.12
197.95 186.77 -69.12
197.23 186.96 -69.12
196.54 187.21 -69.12
196.01 187.67 -69.12
195.56 188.23 -69.12
194.94 188.63 -69.12
194.38 189.08 -69.12
194.09 189.74 -69.12
193.95 190.46 -69.12
193.79 191.18 -69.12
193.63 191.9 -69.12
193.56 192.64 -69.12
193.55 193.37 -69.12
193.55 194.11 -69.12
193.55 194.85 -69.12
193.55 195.59 -69.12
193.57 196.32 -69.12
193.67 197.05 -69.12
193.88 197.76 -69.12
194.05 198.47 -69.12
194.25 199.15 -69.12
194.84 199.59 -69.12
195.49 199.95 -69.12
196.14 200.3 -69.12
196.79 200.64 -69.12
197.45 200.97 -69.12
198.11 201.29 -69.12
198.78 201.61 -69.12
199.44 201.93 -69.12
200.1 202.26 -69.12
200.77 202.57 -69.12
201.45 202.85 -69.12
202.16 203.06 -69.12
202.88 203.21 -69.12
