243.37 187.7 0
243.95 191.06 0
246.36 192.63 0
249.19 190.78 0
251.72 188.5 0
254.13 186.09 0
256.41 183.55 0
258.45 180.82 0
260.18 177.88 0
261.7 174.83 0
263.18 171.76 0
264.82 168.76 0
266.84 166.03 0
266.84 166.03 0
268.74 163.62 0
270.03 160.58 0
271.09 157.46 0
271.59 154.09 0
272.04 150.71 0
271.18 147.44 0
269.9 144.31 0
268.51 141.39 0
266.66 139.82 0
264.86 138.22 0
262.9 136.85 0
259.56 136.16 0
256.15 136.21 0
252.76 136.56 0
249.37 136.99 0
245.98 137.37 0
242.58 137.57 0
239.17 137.56 0
235.76 137.4 0
232.36 137.13 0
228.97 136.79 0
225.58 136.36 0
222.24 135.7 0
219.03 134.57 0
215.99 133.02 0
213.01 131.36 0
209.91 129.97 0
206.61 129.2 0
203.21 128.98 0
199.8 128.97 0
196.39 128.97 0
192.98 128.98 0
189.57 129.11 0
186.22 129.66 0
183.04 130.85 0
180.15 132.64 0
177.65 134.94 0
175.79 137.75 0
174.69 140.97 0
174.15 144.32 0
175.01 147.17 0
178.26 148.14 0
181.66 148.42 0
185.07 148.41 0
188.48 148.26 0
191.88 148.06 0
195.29 147.88 0
198.7 147.77 0
202.11 147.88 0
205.47 148.44 0
208.74 149.4 0
211.91 150.67 0
214.97 152.16 0
217.94 153.85 0
220.72 155.82 0
223.06 158.3 0
225.1 161.04 0
227.13 163.78 0
229.45 166.28 0
232.11 168.4 0
234.93 170.32 0
237.71 172.3 0
240.15 174.67 0
241.78 177.62 0
242.56 180.92 0
242.99 184.31 0
240.54 187.39 -8.64
240.27 190.49 -8.64
240.06 193.58 -8.64
241.43 195.71 -8.64
244.27 194.5 -8.64
246.82 192.73 -8.64
249.3 190.85 -8.64
251.65 188.82 -8.64
253.86 186.63 -8.64
255.92 184.3 -8.64
257.88 181.89 -8.64
259.76 179.41 -8.64
261.55 176.88 -8.64
263.04 174.15 -8.64
263.04 174.15 -8.64
264.34 171.34 -8.64
265.06 168.31 -8.64
265.69 165.28 -8.64
265.75 162.17 -8.64
265.59 159.07 -8.64
264.9 156.64 -8.64
264.41 154.03 -8.64
263.5 151.84 -8.64
262.14 149.82 -8.64
261.21 147.63 -8.64
260.3 145.67 -8.64
258.29 143.34 -8.64
256.18 141.74 -8.64
253.08 141.55 -8.64
249.97 141.53 -8.64
246.86 141.52 -8.64
243.75 141.52 -8.64
240.65 141.51 -8.64
237.54 141.49 -8.64
234.43 141.42 -8.64
231.33 141.23 -8.64
228.23 140.91 -8.64
225.16 140.47 -8.64
222.09 139.93 -8.64
219.07 139.23 -8.64
216.13 138.21 -8.64
213.33 136.88 -8.64
210.56 135.47 -8.64
207.68 134.34 -8.64
204.63 133.76 -8.64
201.53 133.67 -8.64
198.42 133.82 -8.64
195.33 134.11 -8.64
192.25 134.52 -8.64
189.21 135.15 -8.64
186.38 136.33 -8.64
184.15 138.44 -8.64
182.62 141.14 -8.64
181.71 144.08 -8.64
182.46 146.61 -8.64
185.41 147.4 -8.64
188.52 147.37 -8.64
191.63 147.31 -8.64
194.74 147.26 -8.64
197.85 147.28 -8.64
200.95 147.45 -8.64
204.03 147.86 -8.64
207.07 148.53 -8.64
210.05 149.4 -8.64
212.99 150.41 -8.64
215.89 151.53 -8.64
218.75 152.76 -8.64
221.52 154.16 -8.64
224.18 155.77 -8.64
226.69 157.6 -8.64
229.05 159.62 -8.64
231.24 161.83 -8.64
233.25 164.2 -8.64
235.06 166.72 -8.64
236.62 169.41 -8.64
237.93 172.23 -8.64
239.01 175.14 -8.64
239.88 178.13 -8.64
240.46 181.18 -8.64
240.66 184.28 -8.64
244.79 187.82 -17.28
244.55 190.71 -17.28
244.05 193.56 -17.28
243.43 196.39 -17.28
243.65 197.74 -17.28
245.73 195.74 -17.28
247.56 193.49 -17.28
249.39 191.24 -17.28
251.22 188.99 -17.28
253.07 186.76 -17.28
254.96 184.57 -17.28
256.89 182.4 -17.28
258.79 180.21 -17.28
260.62 177.96 -17.28
262.3 175.61 -17.28
263.78 173.11 -17.28
265.06 170.51 -17.28
265.06 170.51 -17.28
266.19 167.85 -17.28
267.12 165.1 -17.28
267.73 162.28 -17.28
267.05 159.93 -17.28
267.05 157.03 -17.28
266.14 154.78 -17.28
265.22 152.52 -17.28
263.47 150.8 -17.28
261.57 149.23 -17.28
260.37 147.54 -17.28
257.53 146.56 -17.28
254.63 146.63 -17.28
251.75 146.92 -17.28
248.87 147.26 -17.28
245.99 147.55 -17.28
243.09 147.71 -17.28
240.19 147.73 -17.28
237.3 147.64 -17.28
234.4 147.46 -17.28
231.51 147.2 -17.28
228.64 146.86 -17.28
225.8 146.27 -17.28
223.05 145.36 -17.28
220.38 144.24 -17.28
217.69 143.15 -17.28
214.9 142.37 -17.28
212.03 141.98 -17.28
209.13 141.87 -17.28
206.23 141.92 -17.28
203.34 142.05 -17.28
200.45 142.24 -17.28
197.56 142.49 -17.28
194.69 142.92 -17.28
191.89 143.66 -17.28
189.2 144.74 -17.28
187.19 146.22 -17.28
188.91 148.3 -17.28
191.8 148.09 -17.28
194.69 147.98 -17.28
197.59 148.04 -17.28
200.47 148.32 -17.28
203.32 148.85 -17.28
206.13 149.57 -17.28
208.9 150.42 -17.28
211.63 151.39 -17.28
214.33 152.46 -17.28
216.96 153.67 -17.28
219.49 155.09 -17.28
221.91 156.68 -17.28
224.26 158.37 -17.28
226.6 160.09 -17.28
228.95 161.78 -17.28
231.33 163.44 -17.28
233.68 165.14 -17.28
235.91 166.99 -17.28
237.9 169.08 -17.28
239.57 171.45 -17.28
240.95 173.99 -17.28
242.18 176.62 -17.28
243.23 179.32 -17.28
244.06 182.09 -17.28
244.61 184.94 -17.28
240.09 186.86 -25.92
239.89 190.08 -25.92
239.66 193.3 -25.92
239.4 196.51 -25.92
239.11 199.73 -25.92
239.11 199.73 -25.92
240.24 198.72 -25.92
242.59 196.52 -25.92
244.86 194.22 -25.92
246.97 191.78 -25.92
248.81 189.13 -25.92
250.39 186.31 -25.92
251.81 183.41 -25.92
253.17 180.48 -25.92
254.53 177.56 -25.92
255.98 174.67 -25.92
257.49 171.82 -25.92
259 168.97 -25.92
260.43 166.07 -25.92
261.66 163.09 -25.92
262.62 160.01 -25.92
263.4 156.88 -25.92
264.07 153.72 -25.92
264.54 150.53 -25.92
262.24 148.26 -25.92
259.16 147.31 -25.92
255.99 146.65 -25.92
252.81 146.16 -25.92
249.6 145.79 -25.92
246.38 145.55 -25.92
243.15 145.45 -25.92
239.93 145.62 -25.92
236.74 146.07 -25.92
233.56 146.67 -25.92
230.39 147.24 -25.92
227.19 147.65 -25.92
223.96 147.63 -25.92
220.81 146.93 -25.92
217.79 145.78 -25.92
214.81 144.53 -25.92
211.75 143.51 -25.92
208.55 143.07 -25.92
205.33 143.01 -25.92
202.1 143.03 -25.92
198.87 143.07 -25.92
195.65 143.11 -25.92
192.42 143.18 -25.92
189.2 143.4 -25.92
186.04 144.05 -25.92
182.98 145.08 -25.92
180.22 146.76 -25.92
177.97 149.08 -25.92
176.08 151.69 -25.92
174.89 154.69 -25.92
177.58 156.47 -25.92
180.75 157.11 -25.92
183.96 156.85 -25.92
187.03 155.84 -25.92
189.96 154.49 -25.92
192.86 153.08 -25.92
195.85 151.84 -25.92
198.97 151.05 -25.92
202.2 150.93 -25.92
205.42 151.12 -25.92
208.63 151.47 -25.92
211.82 151.94 -25.92
214.99 152.55 -25.92
218.09 153.45 -25.92
220.91 155.03 -25.92
223.45 157.01 -25.92
225.78 159.25 -25.92
227.97 161.62 -25.92
230.06 164.08 -25.92
232.13 166.56 -25.92
234.16 169.07 -25.92
236.08 171.66 -25.92
237.8 174.39 -25.92
239.2 177.3 -25.92
240.07 180.41 -25.92
240.22 183.63 -25.92
237.66 188.24 -34.56
237.45 190.27 -34.56
237.17 192.28 -34.56
236.85 194.29 -34.56
236.5 196.29 -34.56
236.11 198.29 -34.56
235.68 200.27 -34.56
235.2 202.25 -34.56
235.53 204.22 -34.56
237.22 205.12 -34.56
239.24 205.21 -34.56
241.2 204.73 -34.56
242.43 203.16 -34.56
243.28 201.32 -34.56
243.99 199.41 -34.56
244.67 197.49 -34.56
245.42 195.61 -34.56
246.29 193.76 -34.56
247.2 191.95 -34.56
248.11 190.13 -34.56
249.01 188.31 -34.56
249.91 186.48 -34.56
250.81 184.66 -34.56
251.55 182.84 -34.56
251.88 181.03 -34.56
252.5 179.35 -34.56
253.17 177.98 -34.56
254.25 176.98 -34.56
255.07 175.29 -34.56
255.07 175.29 -34.56
255.53 173.45 -34.56
256.07 171.89 -34.56
256.44 169.94 -34.56
256.44 167.91 -34.56
256.44 165.88 -34.56
256.44 163.84 -34.56
255.99 162 -34.56
255.31 160.21 -34.56
254.62 158.69 -34.56
253.8 157.19 -34.56
253.25 155.37 -34.56
253.22 153.18 -34.56
251.9 151.63 -34.56
250.41 150.25 -34.56
248.74 149.09 -34.56
246.89 148.27 -34.56
244.89 147.9 -34.56
242.86 147.91 -34.56
240.84 148.13 -34.56
238.83 148.47 -34.56
236.84 148.86 -34.56
234.85 149.29 -34.56
232.87 149.74 -34.56
230.88 150.18 -34.56
228.9 150.64 -34.56
226.94 151.15 -34.56
225 151.76 -34.56
223.12 152.54 -34.56
221.36 153.54 -34.56
219.75 154.78 -34.56
218.51 156.34 -34.56
218.34 158.2 -34.56
219.59 159.68 -34.56
221.43 160.53 -34.56
223.34 161.25 -34.56
225.19 162.08 -34.56
226.92 163.13 -34.56
228.5 164.4 -34.56
229.95 165.83 -34.56
231.29 167.35 -34.56
232.52 168.97 -34.56
233.62 170.68 -34.56
234.56 172.48 -34.56
235.37 174.35 -34.56
236.07 176.25 -34.56
236.67 178.19 -34.56
237.18 180.16 -34.56
237.55 182.16 -34.56
237.74 184.18 -34.56
237.77 186.21 -34.56
236.07 188.3 -43.2
236.21 189.63 -43.2
236.36 190.96 -43.2
236.54 192.28 -43.2
236.78 193.6 -43.2
237.13 194.88 -43.2
237.59 196.14 -43.2
238.15 197.26 -43.2
238.87 196.45 -43.2
239.62 195.85 -43.2
240.7 195.33 -43.2
240.7 195.33 -43.2
240.7 193.99 -43.2
241.12 192.44 -43.2
241.46 191.14 -43.2
241.87 189.87 -43.2
242.32 188.61 -43.2
242.79 187.36 -43.2
243.23 186.1 -43.2
243.63 184.82 -43.2
243.96 183.52 -43.2
244.27 182.22 -43.2
244.56 180.92 -43.2
244.82 179.61 -43.2
245.02 178.29 -43.2
245.14 176.95 -43.2
245.08 175.62 -43.2
244.77 174.32 -43.2
244.25 173.09 -43.2
243.6 171.93 -43.2
242.87 170.81 -43.2
242.1 169.72 -43.2
241.28 168.66 -43.2
240.41 167.64 -43.2
239.47 166.69 -43.2
238.47 165.81 -43.2
237.41 164.99 -43.2
236.29 164.26 -43.2
235.13 163.6 -43.2
233.93 163.01 -43.2
232.7 162.49 -43.2
231.44 162.06 -43.2
230.14 161.73 -43.2
228.83 161.49 -43.2
227.5 161.32 -43.2
226.17 161.18 -43.2
224.84 161.02 -43.2
223.52 160.82 -43.2
222.21 160.57 -43.2
220.91 160.27 -43.2
219.61 159.93 -43.2
218.33 159.56 -43.2
217.04 159.54 -43.2
216.87 160.14 -43.2
217.89 161 -43.2
218.94 161.84 -43.2
220.02 162.62 -43.2
221.15 163.33 -43.2
222.33 163.97 -43.2
223.51 164.58 -43.2
224.68 165.23 -43.2
225.8 165.96 -43.2
226.85 166.78 -43.2
227.84 167.69 -43.2
228.76 168.65 -43.2
229.64 169.66 -43.2
230.46 170.72 -43.2
231.23 171.81 -43.2
231.94 172.94 -43.2
232.6 174.1 -43.2
233.2 175.29 -43.2
233.73 176.52 -43.2
234.16 177.79 -43.2
234.51 179.08 -43.2
234.82 180.38 -43.2
235.09 181.69 -43.2
235.33 183 -43.2
235.56 184.32 -43.2
235.76 185.64 -43.2
235.93 186.97 -43.2
234.02 188.6 -51.84
234.03 189.9 -51.84
234.03 191.19 -51.84
234.03 192.49 -51.84
234.03 193.78 -51.84
234.02 195.08 -51.84
233.99 196.37 -51.84
233.87 197.66 -51.84
233.7 198.94 -51.84
233.47 200.22 -51.84
233.22 201.49 -51.84
232.94 202.75 -51.84
232.89 204.05 -51.84
233.67 203.01 -51.84
234.44 201.97 -51.84
235.19 200.91 -51.84
235.19 200.91 -51.84
235.93 199.8 -51.84
236.6 198.69 -51.84
237.24 197.57 -51.84
237.84 196.42 -51.84
238.41 195.26 -51.84
238.92 194.07 -51.84
239.37 192.85 -51.84
239.8 191.63 -51.84
240.23 190.41 -51.84
240.7 189.2 -51.84
241.26 188.03 -51.84
241.91 186.91 -51.84
242.61 185.83 -51.84
243.32 184.74 -51.84
243.99 183.64 -51.84
244.57 182.48 -51.84
245 181.26 -51.84
245.31 180 -51.84
245.56 178.73 -51.84
245.73 177.45 -51.84
245.75 176.15 -51.84
245.45 174.89 -51.84
244.87 173.74 -51.84
244.09 172.7 -51.84
243.19 171.76 -51.84
242.23 170.9 -51.84
241.21 170.1 -51.84
240.12 169.39 -51.84
238.98 168.78 -51.84
237.8 168.25 -51.84
236.59 167.79 -51.84
235.36 167.39 -51.84
234.12 167.03 -51.84
232.86 166.7 -51.84
231.6 166.42 -51.84
230.33 166.17 -51.84
229.05 165.97 -51.84
227.77 165.8 -51.84
226.48 165.67 -51.84
225.19 165.54 -51.84
223.9 165.43 -51.84
222.61 165.33 -51.84
221.31 165.39 -51.84
221.9 166.54 -51.84
222.91 167.36 -51.84
223.88 168.21 -51.84
224.85 169.08 -51.84
225.79 169.97 -51.84
226.68 170.9 -51.84
227.52 171.89 -51.84
228.27 172.95 -51.84
228.95 174.05 -51.84
229.58 175.18 -51.84
230.16 176.34 -51.84
230.7 177.51 -51.84
231.21 178.7 -51.84
231.68 179.91 -51.84
232.15 181.12 -51.84
232.61 182.33 -51.84
233.07 183.54 -51.84
233.47 184.77 -51.84
233.79 186.03 -51.84
233.96 187.31 -51.84
229.64 189.19 -60.48
229.86 190.13 -60.48
230.09 191.05 -60.48
230.37 191.96 -60.48
230.65 192.87 -60.48
230.97 193.77 -60.48
231.48 194.57 -60.48
232.35 194.96 -60.48
233.27 195.19 -60.48
234.21 195.34 -60.48
235.16 195.35 -60.48
236.01 194.93 -60.48
236.71 194.28 -60.48
237.29 193.53 -60.48
237.78 192.71 -60.48
238.19 191.86 -60.48
238.51 190.96 -60.48
238.73 190.04 -60.48
238.86 189.09 -60.48
238.96 188.15 -60.48
239.03 187.2 -60.48
239.09 186.25 -60.48
239.12 185.3 -60.48
239.12 184.35 -60.48
239.09 183.4 -60.48
239.04 182.45 -60.48
238.95 181.5 -60.48
238.84 180.56 -60.48
238.69 179.62 -60.48
238.48 178.69 -60.48
238.02 177.86 -60.48
237.25 177.31 -60.48
236.4 176.88 -60.48
235.56 176.44 -60.48
234.75 175.94 -60.48
233.97 175.39 -60.48
233.19 174.85 -60.48
232.39 174.34 -60.48
231.55 173.89 -60.48
230.68 173.51 -60.48
229.79 173.17 -60.48
228.89 172.87 -60.48
227.98 172.58 -60.48
227.07 172.29 -60.48
226.17 171.98 -60.48
225.28 171.64 -60.48
224.4 171.29 -60.48
223.5 170.98 -60.48
222.58 170.75 -60.48
221.63 170.64 -60.48
220.68 170.63 -60.48
219.73 170.64 -60.48
218.78 170.66 -60.48
217.83 170.69 -60.48
216.88 170.73 -60.48
216.27 171.4 -60.48
216.84 172.16 -60.48
217.44 172.9 -60.48
218.05 173.63 -60.48
218.69 174.33 -60.48
219.38 174.99 -60.48
220.11 175.6 -60.48
220.88 176.16 -60.48
221.65 176.71 -60.48
222.42 177.28 -60.48
223.16 177.87 -60.48
223.87 178.51 -60.48
224.54 179.18 -60.48
225.2 179.87 -60.48
225.83 180.58 -60.48
226.41 181.33 -60.48
226.94 182.12 -60.48
227.43 182.94 -60.48
227.87 183.79 -60.48
228.27 184.65 -60.48
228.63 185.53 -60.48
228.94 186.42 -60.48
229.21 187.34 -60.48
229.44 188.26 -60.48
229.64 189.19 -60.48
