178.46 209.63 0
183.2 207.67 0
187.82 205.35 0
192.32 203.08 0
197.29 200.55 0
201 197.52 0
202.49 193.83 0
203.67 189.33 0
204.63 184.26 0
205.36 178.89 0
205.84 173.48 0
206.05 168.3 0
205.82 163.36 0
204.93 158.32 0
203.53 153.3 0
201.78 148.47 0
199.84 143.96 0
197.77 139.84 0
195.02 135.66 0
191.66 131.56 0
187.82 127.76 0
183.69 124.49 0
179.41 121.96 0
174.89 120.44 0
169.89 119.44 0
166.64 116.74 0
164.11 112.13 0
161.68 107.1 0
158.77 103.11 0
155.14 99.906 0
151.01 96.646 0
146.53 93.484 0
141.82 90.571 0
137.03 88.056 0
132.29 86.09 0
127.76 84.824 0
123.55 84.41 0
119.22 85.591 0
114.68 88.455 0
110.41 92.397 0
106.93 96.81 0
104.72 101.09 0
103.61 105.34 0
102.81 110.14 0
102.17 115.28 0
101.57 120.52 0
100.85 125.66 0
99.849 130.57 0
98.504 135.42 0
96.984 140.26 0
95.471 145.09 0
94.145 149.92 0
93.188 154.78 0
92.781 159.68 0
92.797 164.71 0
92.863 169.93 0
92.975 175.15 0
93.131 180.2 0
93.329 184.93 0
93.809 189.33 0
95.849 194.16 0
99.211 198.96 0
103.39 203.08 0
107.87 205.87 0
112.17 206.69 0
117.1 206.27 0
122.26 205.36 0
126.57 202.99 0
130.58 199.99 0
134.95 200.37 0
139.51 202.08 0
144.28 205.86 0
144.28 205.86 0
149.29 207.92 0
154.25 209.33 0
154.25 209.33 0
159.17 210.22 0
164.04 210.7 0
168.87 210.88 0
173.67 210.77 0
180.72 212.35 -8.64
185.23 210.5 -8.64
189.65 208.24 -8.64
193.89 205.46 -8.64
197.67 202.33 -8.64
200.9 198.76 -8.64
203.73 194.56 -8.64
205.7 190.14 -8.64
207.17 185.48 -8.64
208.36 180.62 -8.64
209.23 175.71 -8.64
209.82 170.81 -8.64
210.32 165.82 -8.64
210.63 160.9 -8.64
210.47 156.22 -8.64
208.7 151.71 -8.64
205.93 147.34 -8.64
203.12 143.1 -8.64
200.56 138.83 -8.64
197.82 134.57 -8.64
194.85 130.56 -8.64
191.6 127.06 -8.64
187.94 123.87 -8.64
183.81 120.71 -8.64
179.37 118.13 -8.64
174.79 116.7 -8.64
169.89 116.4 -8.64
165.09 116.03 -8.64
160.64 114 -8.64
156.54 110.73 -8.64
153.12 107.21 -8.64
150.47 102.9 -8.64
146.91 99.681 -8.64
142.48 97.057 -8.64
137.86 95.792 -8.64
132.97 95.111 -8.64
127.88 94.611 -8.64
122.92 94.328 -8.64
118.28 94.413 -8.64
113.35 95.831 -8.64
108.4 98.44 -8.64
103.95 101.8 -8.64
100.51 105.48 -8.64
98.554 109.08 -8.64
97.324 113.22 -8.64
96.345 118.04 -8.64
95.554 123.24 -8.64
94.884 128.53 -8.64
94.272 133.6 -8.64
93.642 138.49 -8.64
93.025 143.4 -8.64
92.518 148.31 -8.64
92.216 153.22 -8.64
92.214 158.12 -8.64
92.545 163.11 -8.64
93.153 168.11 -8.64
93.974 173.04 -8.64
94.944 177.8 -8.64
96.067 182.39 -8.64
97.849 187.24 -8.64
100.29 192.11 -8.64
103.23 196.56 -8.64
106.53 200.16 -8.64
110.08 202.52 -8.64
114.75 204.24 -8.64
119.77 204.86 -8.64
124.67 204.14 -8.64
129.57 203.28 -8.64
134.3 203.53 -8.64
138.93 205.17 -8.64
143.44 207.81 -8.64
143.44 207.81 -8.64
147.46 211.09 -8.64
151.76 213.45 -8.64
156.35 214.61 -8.64
156.35 214.61 -8.64
161.3 215.28 -8.64
166.24 215.31 -8.64
171.14 214.92 -8.64
175.97 213.95 -8.64
179.22 214.42 -17.28
183.94 212.55 -17.28
188.48 210.48 -17.28
193.12 208.15 -17.28
197.42 205.4 -17.28
200.74 202.22 -17.28
203.81 198.39 -17.28
206.73 194.01 -17.28
209.24 189.27 -17.28
211.05 184.38 -17.28
211.88 179.52 -17.28
211.85 174.71 -17.28
211.62 169.73 -17.28
211.25 164.65 -17.28
210.76 159.61 -17.28
210.19 154.7 -17.28
209.12 149.83 -17.28
207.42 145 -17.28
205.31 140.41 -17.28
202.94 136.18 -17.28
199.79 132.16 -17.28
196.13 128.69 -17.28
192.17 126.05 -17.28
187.7 123.9 -17.28
182.95 122 -17.28
178.2 120.07 -17.28
173.69 117.89 -17.28
169.6 115.18 -17.28
165.79 111.98 -17.28
162.09 108.53 -17.28
158.37 105.1 -17.28
154.51 101.96 -17.28
150.39 99.144 -17.28
146.09 96.102 -17.28
141.66 93.081 -17.28
137.16 90.406 -17.28
132.62 88.407 -17.28
128.09 87.411 -17.28
123.4 87.694 -17.28
118.22 89.123 -17.28
113.07 91.378 -17.28
108.51 94.139 -17.28
105.1 97.084 -17.28
102.83 100.44 -17.28
100.85 104.88 -17.28
99.186 109.97 -17.28
97.901 115.3 -17.28
97.044 120.44 -17.28
96.465 125.32 -17.28
95.945 130.26 -17.28
95.501 135.25 -17.28
95.154 140.27 -17.28
94.922 145.28 -17.28
94.825 150.28 -17.28
94.859 155.32 -17.28
94.987 160.45 -17.28
95.203 165.56 -17.28
95.497 170.55 -17.28
95.864 175.29 -17.28
96.758 179.88 -17.28
98.944 184.53 -17.28
102.04 188.99 -17.28
105.63 192.98 -17.28
109.29 196.23 -17.28
113.07 198.68 -17.28
117.52 200.66 -17.28
122.37 202.41 -17.28
127.33 204.1 -17.28
132.13 205.95 -17.28
136.66 208.02 -17.28
141.16 210.17 -17.28
145.64 212.37 -17.28
150.09 214.64 -17.28
154.51 216.96 -17.28
154.51 216.96 -17.28
154.51 216.96 -17.28
159.6 216.85 -17.28
164.62 216.56 -17.28
169.55 216.11 -17.28
174.42 215.55 -17.28
180.75 214.04 -25.92
185.87 212.84 -25.92
190.93 211 -25.92
195.67 208.69 -25.92
199.79 206.1 -25.92
203 203.4 -25.92
205.71 200.01 -25.92
208.25 195.59 -25.92
210.3 190.61 -25.92
211.54 185.57 -25.92
211.84 180.79 -25.92
211.97 175.87 -25.92
212.06 170.83 -25.92
212.13 165.82 -25.92
212.17 160.97 -25.92
212.07 156.4 -25.92
210.9 151.93 -25.92
208.67 147.54 -25.92
205.7 143.28 -25.92
202.3 139.2 -25.92
198.81 135.33 -25.92
195.52 131.74 -25.92
192.19 128.23 -25.92
188.54 124.77 -25.92
184.65 121.53 -25.92
180.55 118.66 -25.92
176.32 116.32 -25.92
171.78 114.74 -25.92
167.12 113.31 -25.92
163.03 110.78 -25.92
159.22 107.5 -25.92
155.7 104.01 -25.92
152.66 100.01 -25.92
149.76 95.922 -25.92
146.2 93.135 -25.92
141.83 90.775 -25.92
137.02 88.94 -25.92
132.15 88.122 -25.92
127.17 88.135 -25.92
122.05 88.203 -25.92
117.51 88.327 -25.92
113.59 90.844 -25.92
110.43 95.197 -25.92
107.98 99.245 -25.92
105.66 103.69 -25.92
103.67 108.39 -25.92
102.22 113.21 -25.92
101.52 118.01 -25.92
101.38 122.78 -25.92
101.3 127.63 -25.92
101.25 132.54 -25.92
101.2 137.49 -25.92
101.14 142.43 -25.92
101.05 147.36 -25.92
100.87 152.31 -25.92
100.57 157.36 -25.92
100.22 162.4 -25.92
99.914 167.3 -25.92
99.751 171.93 -25.92
100.3 176.25 -25.92
102.53 180.45 -25.92
105.9 184.46 -25.92
109.8 188.23 -25.92
113.62 191.7 -25.92
117.26 194.78 -25.92
121.31 197.55 -25.92
125.51 200.21 -25.92
129.6 202.97 -25.92
133.53 206.02 -25.92
137.6 208.66 -25.92
141.96 210.55 -25.92
146.53 212.22 -25.92
151.3 213.55 -25.92
156.28 214.4 -25.92
156.28 214.4 -25.92
161.3 214.4 -25.92
161.3 214.4 -25.92
166.24 214.4 -25.92
171.11 214.4 -25.92
175.88 214.4 -25.92
180.74 214.04 -34.56
185.16 212.95 -34.56
189.74 211.23 -34.56
194.26 209 -34.56
198.5 206.37 -34.56
202.22 203.47 -34.56
205.2 200.43 -34.56
207.48 197.15 -34.56
209.66 193.14 -34.56
211.59 188.62 -34.56
213.05 183.87 -34.56
213.82 179.16 -34.56
213.88 174.6 -34.56
213.78 169.88 -34.56
213.6 165.09 -34.56
213.36 160.35 -34.56
213.04 155.82 -34.56
212.64 151.61 -34.56
211.29 147.56 -34.56
208.89 143.61 -34.56
205.75 139.81 -34.56
202.19 136.22 -34.56
198.52 132.9 -34.56
195.05 129.9 -34.56
191.43 127.24 -34.56
187.48 124.83 -34.56
183.35 122.56 -34.56
179.22 120.3 -34.56
175.19 118 -34.56
171.1 115.77 -34.56
167.33 113.2 -34.56
164.06 109.81 -34.56
160.82 106.47 -34.56
157.1 104.01 -34.56
152.97 101.66 -34.56
148.57 99.448 -34.56
144.06 97.557 -34.56
139.57 96.171 -34.56
135.25 95.475 -34.56
131.08 95.816 -34.56
126.79 97.583 -34.56
122.59 100.34 -34.56
118.74 103.61 -34.56
115.49 106.91 -34.56
112.72 110.23 -34.56
110 114.09 -34.56
107.54 118.32 -34.56
105.55 122.77 -34.56
104.25 127.25 -34.56
103.73 131.65 -34.56
103.39 136.17 -34.56
103.1 140.8 -34.56
102.88 145.49 -34.56
102.73 150.19 -34.56
102.66 154.84 -34.56
102.77 159.49 -34.56
103.27 164.29 -34.56
104.11 169.07 -34.56
105.22 173.65 -34.56
106.5 177.84 -34.56
108.16 181.5 -34.56
111 184.81 -34.56
114.68 187.87 -34.56
118.74 190.81 -34.56
122.71 193.73 -34.56
126.27 196.75 -34.56
129.76 199.95 -34.56
133.28 203.13 -34.56
136.88 206.1 -34.56
140.63 208.67 -34.56
144.57 210.68 -34.56
148.74 212.4 -34.56
153.1 213.91 -34.56
157.64 215.15 -34.56
162.34 216.04 -34.56
162.34 216.04 -34.56
162.34 216.04 -34.56
167.12 215.88 -34.56
171.8 215.44 -34.56
176.35 214.8 -34.56
179.04 210.09 -43.2
183.06 209.6 -43.2
187.24 208.48 -43.2
191.45 206.77 -43.2
195.5 204.61 -43.2
199.19 202.14 -43.2
202.34 199.49 -43.2
204.77 196.79 -43.2
206.99 193.54 -43.2
209.06 189.67 -43.2
210.77 185.46 -43.2
211.86 181.16 -43.2
212.15 177.01 -43.2
212.12 172.81 -43.2
212.05 168.48 -43.2
211.96 164.17 -43.2
211.83 160.01 -43.2
211.61 156.09 -43.2
210.55 152.26 -43.2
208.61 148.48 -43.2
206.04 144.82 -43.2
203.1 141.33 -43.2
200.03 138.09 -43.2
197.08 135.14 -43.2
194.05 132.53 -43.2
190.65 130.17 -43.2
187 127.97 -43.2
183.25 125.83 -43.2
179.53 123.65 -43.2
175.99 121.33 -43.2
172.62 118.7 -43.2
169.32 115.92 -43.2
165.98 113.27 -43.2
162.51 111.06 -43.2
158.81 109.45 -43.2
154.86 107.93 -43.2
150.73 106.5 -43.2
146.52 105.26 -43.2
142.32 104.3 -43.2
138.22 103.71 -43.2
134.3 103.61 -43.2
130.22 104.58 -43.2
126.11 106.55 -43.2
122.29 109.12 -43.2
119.1 111.93 -43.2
116.72 114.74 -43.2
114.53 118.17 -43.2
112.56 122.12 -43.2
110.97 126.36 -43.2
109.94 130.62 -43.2
109.56 134.74 -43.2
109.35 138.94 -43.2
109.22 143.19 -43.2
109.19 147.38 -43.2
109.86 151.52 -43.2
111.15 155.6 -43.2
112.55 159.52 -43.2
114.28 163.3 -43.2
116.34 166.97 -43.2
118.55 170.61 -43.2
120.71 174.26 -43.2
122.65 178 -43.2
124.33 181.93 -43.2
126.01 185.82 -43.2
128 189.39 -43.2
130.37 192.95 -43.2
133.04 196.64 -43.2
135.96 200.22 -43.2
139.1 203.46 -43.2
142.41 206.14 -43.2
145.85 208.01 -43.2
149.41 208.96 -43.2
153.26 209.66 -43.2
157.4 210.22 -43.2
161.79 210.6 -43.2
166.36 210.73 -43.2
166.36 210.73 -43.2
166.36 210.73 -43.2
170.69 210.65 -43.2
174.93 210.42 -43.2
180.48 209.43 -51.84
184.39 208.36 -51.84
188.12 207.18 -51.84
191.93 205.43 -51.84
195.73 203.12 -51.84
199.32 200.37 -51.84
202.52 197.35 -51.84
205.11 194.19 -51.84
207.01 190.97 -51.84
208.76 187.29 -51.84
210.32 183.25 -51.84
211.53 179.01 -51.84
212.23 174.76 -51.84
212.31 170.62 -51.84
212.13 166.29 -51.84
211.8 161.89 -51.84
211.33 157.61 -51.84
210.75 153.65 -51.84
209.97 150.18 -51.84
208.13 147.04 -51.84
205.31 144.12 -51.84
201.84 141.36 -51.84
198.04 138.68 -51.84
194.25 136.02 -51.84
190.77 133.29 -51.84
187.69 130.44 -51.84
184.65 127.53 -51.84
181.59 124.65 -51.84
178.44 121.91 -51.84
175.17 119.4 -51.84
171.74 116.97 -51.84
168.19 114.53 -51.84
164.53 112.29 -51.84
160.77 110.48 -51.84
156.93 109.32 -51.84
152.89 108.51 -51.84
148.65 107.78 -51.84
144.34 107.16 -51.84
140.07 106.69 -51.84
135.96 106.4 -51.84
132.12 106.36 -51.84
128.22 107.46 -51.84
124.32 109.8 -51.84
120.77 112.86 -51.84
117.91 116.15 -51.84
115.97 119.32 -51.84
114.27 122.95 -51.84
112.77 127.01 -51.84
111.6 131.31 -51.84
110.92 135.61 -51.84
110.81 139.74 -51.84
110.99 143.87 -51.84
111.33 148.03 -51.84
111.79 152.22 -51.84
112.33 156.4 -51.84
112.91 160.56 -51.84
113.5 164.7 -51.84
114.13 169.05 -51.84
114.89 173.48 -51.84
115.83 177.72 -51.84
117.03 181.51 -51.84
118.72 184.57 -51.84
122.31 186.86 -51.84
126.04 189.23 -51.84
128.32 192.61 -51.84
130.19 196.56 -51.84
132.45 199.89 -51.84
135.57 202.59 -51.84
139.25 204.95 -51.84
143.11 206.63 -51.84
147.06 207.57 -51.84
151.23 208.24 -51.84
155.4 208.92 -51.84
159.51 209.66 -51.84
163.62 210.41 -51.84
163.62 210.41 -51.84
167.73 211.16 -51.84
167.73 211.16 -51.84
172.13 210.93 -51.84
176.39 210.32 -51.84
181.62 207.36 -60.48
185.03 206.48 -60.48
188.23 205.2 -60.48
191.36 203.15 -60.48
194.35 200.53 -60.48
197.15 197.53 -60.48
199.69 194.36 -60.48
201.93 191.22 -60.48
203.97 188.14 -60.48
206.05 184.8 -60.48
207.94 181.28 -60.48
209.33 177.65 -60.48
209.93 174 -60.48
209.92 170.28 -60.48
209.86 166.4 -60.48
209.77 162.48 -60.48
209.63 158.62 -60.48
209.47 154.95 -60.48
209 151.5 -60.48
207.62 148.09 -60.48
205.54 144.76 -60.48
202.99 141.56 -60.48
200.21 138.54 -60.48
197.41 135.74 -60.48
194.75 133.22 -60.48
191.79 130.96 -60.48
188.57 128.86 -60.48
185.24 126.85 -60.48
181.96 124.83 -60.48
178.78 122.65 -60.48
175.62 120.27 -60.48
172.43 117.97 -60.48
169.17 116.01 -60.48
165.8 114.67 -60.48
162.25 113.92 -60.48
158.49 113.27 -60.48
154.6 112.71 -60.48
150.69 112.25 -60.48
146.83 111.93 -60.48
143.12 111.76 -60.48
139.58 111.93 -60.48
135.92 113.2 -60.48
132.35 115.34 -60.48
129.15 117.94 -60.48
126.6 120.61 -60.48
124.58 123.39 -60.48
122.63 126.73 -60.48
120.94 130.42 -60.48
119.72 134.27 -60.48
119.19 138.05 -60.48
119.19 141.74 -60.48
119.22 145.52 -60.48
119.27 149.35 -60.48
119.34 153.2 -60.48
119.43 157.04 -60.48
119.54 160.84 -60.48
119.76 164.6 -60.48
120.37 168.41 -60.48
121.29 172.2 -60.48
122.45 175.89 -60.48
123.74 179.42 -60.48
125.2 182.74 -60.48
127.22 186 -60.48
129.67 189.1 -60.48
132.36 191.92 -60.48
135.1 194.36 -60.48
138.05 196.61 -60.48
141.24 198.73 -60.48
144.62 200.69 -60.48
148.11 202.46 -60.48
151.64 203.99 -60.48
155.16 205.27 -60.48
158.74 206.39 -60.48
162.4 207.37 -60.48
166.15 208.2 -60.48
169.96 208.82 -60.48
169.96 208.82 -60.48
169.96 208.82 -60.48
174.03 208.62 -60.48
177.94 208.11 -60.48
178.81 200.27 -69.12
181.78 200.18 -69.12
184.62 199.61 -69.12
187.42 198.09 -69.12
190.1 195.9 -69.12
192.6 193.29 -69.12
194.87 190.54 -69.12
196.83 187.9 -69.12
198.63 185.33 -69.12
200.44 182.5 -69.12
202.08 179.5 -69.12
203.35 176.4 -69.12
204.08 173.27 -69.12
204.23 170.13 -69.12
204.3 166.81 -69.12
204.35 163.41 -69.12
204.39 160.04 -69.12
204.41 156.83 -69.12
204.41 153.91 -69.12
203.69 151.14 -69.12
201.97 148.45 -69.12
199.57 145.87 -69.12
196.77 143.48 -69.12
193.89 141.33 -69.12
191.22 139.48 -69.12
188.53 137.94 -69.12
185.59 136.6 -69.12
182.52 135.36 -69.12
179.42 134.14 -69.12
176.4 132.84 -69.12
173.5 131.37 -69.12
170.63 129.79 -69.12
167.77 128.21 -69.12
164.89 126.74 -69.12
161.93 125.49 -69.12
158.89 124.36 -69.12
155.76 123.21 -69.12
152.59 122.1 -69.12
149.41 121.14 -69.12
146.24 120.41 -69.12
143.12 120.01 -69.12
139.97 120.05 -69.12
136.37 120.78 -69.12
132.71 122.06 -69.12
129.52 123.72 -69.12
127.34 125.59 -69.12
126.46 127.65 -69.12
125.88 130.6 -69.12
125.45 134.13 -69.12
125.21 137.75 -69.12
125.24 141.02 -69.12
125.9 144.16 -69.12
126.96 147.28 -69.12
128.07 150.4 -69.12
128.88 153.55 -69.12
129.23 156.79 -69.12
129.5 160.06 -69.12
130.08 163.12 -69.12
131.66 165.94 -69.12
133.54 168.73 -69.12
134.86 171.68 -69.12
135.87 174.77 -69.12
136.86 177.87 -69.12
138.01 180.93 -69.12
139.24 184.04 -69.12
140.67 186.9 -69.12
142.48 189.41 -69.12
144.72 191.91 -69.12
147.29 194.25 -69.12
150.06 196.24 -69.12
152.91 197.7 -69.12
155.78 198.56 -69.12
158.8 199.27 -69.12
161.98 199.86 -69.12
165.31 200.26 -69.12
168.78 200.4 -69.12
168.78 200.4 -69.12
168.78 200.4 -69.12
172.27 200.39 -69.12
175.62 200.34 -69.12
178.41 194.59 -77.76
180.96 193.87 -77.76
183.44 193.06 -77.76
186.09 191.98 -77.76
188.78 190.62 -77.76
191.25 189.04 -77.76
193.29 187.29 -77.76
194.65 185.42 -77.76
195.55 183.27 -77.76
196.36 180.7 -77.76
197.02 177.9 -77.76
197.45 175.03 -77.76
197.6 172.27 -77.76
197.53 169.56 -77.76
197.36 166.8 -77.76
197.08 164.05 -77.76
196.74 161.34 -77.76
196.33 158.75 -77.76
195.8 156.29 -77.76
194.78 153.91 -77.76
193.33 151.6 -77.76
191.61 149.35 -77.76
189.75 147.19 -77.76
187.88 145.12 -77.76
186.1 143.13 -77.76
184.18 141.26 -77.76
182.15 139.46 -77.76
180.06 137.71 -77.76
177.97 135.98 -77.76
175.9 134.14 -77.76
173.83 132.22 -77.76
171.73 130.34 -77.76
169.57 128.64 -77.76
167.34 127.27 -77.76
165 126.36 -77.76
162.48 125.67 -77.76
159.78 125.04 -77.76
157 124.5 -77.76
154.21 124.06 -77.76
151.5 123.76 -77.76
148.95 123.63 -77.76
146.41 123.96 -77.76
143.63 125.13 -77.76
140.98 126.9 -77.76
138.82 128.99 -77.76
137.55 131.12 -77.76
137.15 133.27 -77.76
136.85 135.83 -77.76
136.62 138.66 -77.76
136.46 141.58 -77.76
136.39 144.41 -77.76
136.53 147.03 -77.76
137.29 149.56 -77.76
138.47 152.05 -77.76
139.83 154.54 -77.76
141.13 157.03 -77.76
142.1 159.56 -77.76
142.52 162.16 -77.76
142.65 164.86 -77.76
142.76 167.58 -77.76
142.99 170.24 -77.76
143.5 172.96 -77.76
144.25 175.67 -77.76
145.19 178.3 -77.76
146.26 180.77 -77.76
147.41 182.98 -77.76
148.86 185.12 -77.76
150.67 187.23 -77.76
152.76 189.23 -77.76
155.03 191.02 -77.76
157.39 192.5 -77.76
159.75 193.59 -77.76
162.16 194.41 -77.76
164.74 195.12 -77.76
167.46 195.64 -77.76
170.28 195.91 -77.76
170.28 195.91 -77.76
170.28 195.91 -77.76
173.07 195.67 -77.76
175.78 195.21 -77.76
175.7 185.66 -86.4
177.12 185.12 -86.4
178.55 184.46 -86.4
179.99 183.69 -86.4
181.4 182.82 -86.4
182.77 181.87 -86.4
184.07 180.86 -86.4
185.29 179.79 -86.4
186.41 178.68 -86.4
187.39 177.56 -86.4
188.33 176.36 -86.4
189.3 175.04 -86.4
190.22 173.62 -86.4
191.01 172.13 -86.4
191.59 170.62 -86.4
191.89 169.1 -86.4
191.89 167.59 -86.4
191.81 166.01 -86.4
191.67 164.4 -86.4
191.47 162.77 -86.4
191.23 161.16 -86.4
190.94 159.6 -86.4
190.63 158.12 -86.4
190.12 156.68 -86.4
189.32 155.27 -86.4
188.34 153.92 -86.4
187.27 152.67 -86.4
186.2 151.55 -86.4
185.04 150.36 -86.4
183.74 149.21 -86.4
182.36 148.34 -86.4
180.93 148.02 -86.4
179.4 148.11 -86.4
177.79 148.3 -86.4
176.2 148.54 -86.4
174.64 148.84 -86.4
173.05 148.86 -86.4
171.47 148.86 -86.4
169.91 149.06 -86.4
168.37 149.59 -86.4
166.92 150.2 -86.4
165.46 150.84 -86.4
163.93 151.58 -86.4
162.38 152.4 -86.4
160.87 153.31 -86.4
159.44 154.28 -86.4
158.13 155.33 -86.4
156.99 156.43 -86.4
156.07 157.58 -86.4
155.42 158.77 -86.4
155 160.1 -86.4
154.68 161.65 -86.4
154.42 163.3 -86.4
154.14 164.94 -86.4
153.81 166.51 -86.4
153.43 168.11 -86.4
153.02 169.72 -86.4
152.64 171.32 -86.4
152.31 172.89 -86.4
152.07 174.41 -86.4
151.97 175.86 -86.4
152.17 177.27 -86.4
152.87 178.7 -86.4
153.92 180.07 -86.4
155.15 181.34 -86.4
156.42 182.43 -86.4
157.59 183.31 -86.4
158.81 184.12 -86.4
160.13 184.9 -86.4
161.53 185.61 -86.4
163.02 186.25 -86.4
164.58 186.79 -86.4
166.23 187.22 -86.4
167.95 187.52 -86.4
167.95 187.52 -86.4
169.58 187.3 -86.4
171.17 186.99 -86.4
172.72 186.6 -86.4
174.23 186.16 -86.4
174.23 186.16 -86.4
172.47 177.75 -95.04
172.47 177.75 -95.04
173.07 177.61 -95.04
173.57 177.24 -95.04
173.92 176.74 -95.04
174.12 176.16 -95.04
174.51 175.68 -95.04
174.69 175.09 -95.04
174.72 174.47 -95.04
174.73 173.82 -95.04
174.96 173.4 -95.04
175.56 173.08 -95.04
175.79 172.53 -95.04
175.97 171.93 -95.04
176.24 171.38 -95.04
176.59 170.86 -95.04
176.94 170.34 -95.04
177.23 169.8 -95.04
177.49 169.23 -95.04
177.66 168.64 -95.04
177.67 168.02 -95.04
177.66 167.39 -95.04
177.5 166.8 -95.04
177.2 166.26 -95.04
177.04 165.66 -95.04
176.91 165.05 -95.04
176.75 164.45 -95.04
176.58 163.85 -95.04
176.27 163.32 -95.04
175.86 162.86 -95.04
175.45 162.35 -95.04
174.9 162.2 -95.04
174.27 162.2 -95.04
173.65 162.2 -95.04
173.03 162.2 -95.04
172.4 162.2 -95.04
171.82 162.39 -95.04
171.38 162.83 -95.04
170.8 163.04 -95.04
170.18 163.04 -95.04
169.56 163.04 -95.04
168.94 163.05 -95.04
168.33 163.16 -95.04
167.73 163.32 -95.04
167.13 163.47 -95.04
166.53 163.65 -95.04
165.93 163.82 -95.04
165.32 163.88 -95.04
164.7 163.88 -95.04
164 163.88 -95.04
163.86 163.95 -95.04
164.24 164.32 -95.04
164.79 164.88 -95.04
165.35 165.43 -95.04
165.85 165.87 -95.04
165.91 166.46 -95.04
166.16 167.02 -95.04
166.53 167.52 -95.04
166.74 168.1 -95.04
166.74 168.72 -95.04
166.74 169.34 -95.04
166.79 169.94 -95.04
167.3 170.34 -95.04
167.7 170.81 -95.04
167.92 171.39 -95.04
168 172.01 -95.04
168 172.63 -95.04
168.02 173.25 -95.04
168.17 173.85 -95.04
168.45 174.41 -95.04
168.76 174.96 -95.04
168.84 175.56 -95.04
168.95 176.16 -95.04
169.34 176.65 -95.04
169.63 177.2 -95.04
170 177.72 -95.04
170.6 177.75 -95.04
171.23 177.75 -95.04
171.85 177.75 -95.04
172.47 177.75 -95.04
