95.825 136.06 0
98.5 134.97 0
101.14 133.8 0
103.76 132.58 0
106.31 131.22 0
108.78 129.71 0
111.14 128.05 0
113.35 126.2 0
115.37 124.12 0
117.06 121.78 0
118.49 119.27 0
119.75 116.67 0
120.76 113.96 0
121.44 111.16 0
121.66 108.27 0
121.65 105.39 0
121.6 102.5 0
121.53 99.607 0
121.43 96.719 0
121.31 93.832 0
120.99 90.96 0
120.3 88.155 0
119.31 85.439 0
118.1 82.814 0
116.71 80.285 0
115.13 77.862 0
113.26 75.659 0
111.06 73.786 0
108.66 72.178 0
106.11 70.818 0
103.47 69.657 0
100.78 68.591 0
98.025 67.719 0
95.188 67.174 0
92.3 67.073 0
89.41 67.091 0
86.521 67.127 0
83.631 67.181 0
80.743 67.255 0
77.855 67.347 0
74.968 67.473 0
72.109 67.895 0
69.341 68.723 0
66.68 69.849 0
64.127 71.203 0
61.742 72.834 0
59.6 74.774 0
57.679 76.932 0
55.996 79.281 0
54.601 81.812 0
53.6 84.522 0
52.979 87.344 0
52.471 90.189 0
52.065 93.05 0
51.774 95.925 0
51.619 98.81 0
51.634 101.7 0
51.825 104.58 0
52.161 107.45 0
52.614 110.31 0
53.163 113.14 0
53.822 115.96 0
54.824 118.67 0
56.151 121.23 0
57.717 123.66 0
59.482 125.95 0
61.417 128.1 0
63.518 130.08 0
65.724 131.95 0
68.042 133.67 0
70.497 135.2 0
73.102 136.45 0
75.864 137.3 0
78.736 137.62 0
81.621 137.77 0
84.509 137.87 0
87.399 137.91 0
87.399 137.91 0
90.276 137.65 0
93.089 136.99 0
95.005 136.41 -8
97.641 135.4 -8
100.22 134.27 -8
102.75 133.03 -8
105.15 131.55 -8
107.39 129.83 -8
109.47 127.93 -8
111.38 125.86 -8
113.11 123.63 -8
114.62 121.25 -8
115.91 118.74 -8
117.09 116.18 -8
118.11 113.55 -8
118.91 110.85 -8
119.39 108.07 -8
119.48 105.25 -8
119.45 102.43 -8
119.38 99.616 -8
119.28 96.798 -8
119.15 93.982 -8
118.95 91.17 -8
118.5 88.387 -8
117.82 85.65 -8
116.96 82.966 -8
115.92 80.345 -8
114.7 77.804 -8
113.2 75.417 -8
111.36 73.278 -8
109.28 71.374 -8
106.99 69.741 -8
104.47 68.467 -8
101.75 67.723 -8
98.975 67.24 -8
96.18 66.866 -8
93.373 66.601 -8
90.558 66.457 -8
87.738 66.448 -8
84.92 66.537 -8
82.105 66.7 -8
79.295 66.927 -8
76.491 67.215 -8
73.729 67.779 -8
71.094 68.783 -8
68.596 70.091 -8
66.224 71.614 -8
63.961 73.296 -8
61.804 75.112 -8
59.768 77.061 -8
57.876 79.151 -8
56.174 81.4 -8
54.753 83.834 -8
53.785 86.482 -8
53.38 89.272 -8
53.126 92.08 -8
52.939 94.893 -8
52.818 97.71 -8
52.77 100.53 -8
52.884 103.35 -8
53.217 106.15 -8
53.72 108.92 -8
54.347 111.67 -8
55.061 114.4 -8
55.914 117.08 -8
57.087 119.65 -8
58.501 122.09 -8
60.104 124.41 -8
61.876 126.6 -8
63.807 128.65 -8
65.88 130.56 -8
68.099 132.3 -8
70.473 133.82 -8
73.019 135.04 -8
75.688 135.94 -8
78.394 136.74 -8
81.138 137.38 -8
83.921 137.83 -8
86.735 138.01 -8
86.735 138.01 -8
89.546 137.79 -8
92.307 137.22 -8
96.225 136.78 -16
98.843 135.72 -16
101.44 134.61 -16
103.96 133.33 -16
106.37 131.87 -16
108.68 130.24 -16
110.85 128.43 -16
112.85 126.43 -16
114.59 124.21 -16
116.07 121.81 -16
117.31 119.27 -16
118.27 116.61 -16
119 113.88 -16
119.65 111.14 -16
120.19 108.36 -16
120.57 105.57 -16
120.75 102.75 -16
120.69 99.924 -16
120.47 97.109 -16
120.11 94.307 -16
119.64 91.523 -16
119.07 88.756 -16
118.41 86.011 -16
117.5 83.338 -16
116.2 80.828 -16
114.64 78.474 -16
112.87 76.274 -16
110.92 74.228 -16
108.86 72.296 -16
106.69 70.5 -16
104.3 68.987 -16
101.65 68.021 -16
98.829 67.882 -16
96.004 67.905 -16
93.18 67.944 -16
90.357 68 -16
87.533 68.07 -16
84.71 68.157 -16
81.888 68.263 -16
79.076 68.527 -16
76.319 69.138 -16
73.633 70.011 -16
71.019 71.081 -16
68.468 72.293 -16
65.968 73.607 -16
63.534 75.039 -16
61.214 76.65 -16
59.037 78.448 -16
57.046 80.452 -16
55.347 82.708 -16
54.145 85.263 -16
53.286 87.953 -16
52.565 90.684 -16
51.978 93.447 -16
51.538 96.236 -16
51.271 99.048 -16
51.235 101.87 -16
51.686 104.66 -16
52.533 107.35 -16
53.613 109.96 -16
54.807 112.52 -16
56.005 115.08 -16
57.23 117.63 -16
58.583 120.1 -16
60.065 122.51 -16
61.679 124.83 -16
63.437 127.04 -16
65.295 129.16 -16
67.247 131.21 -16
69.344 133.1 -16
71.644 134.74 -16
74.201 135.94 -16
76.892 136.79 -16
79.621 137.52 -16
82.385 138.1 -16
85.182 138.49 -16
88.002 138.65 -16
88.002 138.65 -16
90.813 138.37 -16
93.556 137.7 -16
94.421 135.61 -24
97.053 135.17 -24
99.659 134.6 -24
102.23 133.89 -24
104.68 132.83 -24
106.83 131.25 -24
108.73 129.38 -24
110.43 127.32 -24
111.97 125.14 -24
113.36 122.86 -24
114.63 120.51 -24
115.82 118.13 -24
116.91 115.69 -24
117.81 113.18 -24
118.41 110.58 -24
118.6 107.91 -24
118.61 105.25 -24
118.61 102.58 -24
118.62 99.909 -24
118.62 97.241 -24
118.62 94.572 -24
118.53 91.905 -24
117.88 89.317 -24
116.8 86.874 -24
115.46 84.57 -24
113.94 82.373 -24
112.32 80.251 -24
110.56 78.247 -24
108.62 76.412 -24
106.53 74.754 -24
104.29 73.301 -24
101.9 72.121 -24
99.371 71.272 -24
96.798 70.564 -24
94.195 69.977 -24
91.562 69.545 -24
88.903 69.316 -24
86.234 69.304 -24
83.567 69.374 -24
80.901 69.494 -24
78.237 69.656 -24
75.588 69.978 -24
73.004 70.644 -24
70.501 71.571 -24
68.087 72.708 -24
65.776 74.042 -24
63.624 75.62 -24
61.785 77.554 -24
60.201 79.701 -24
58.846 82 -24
57.722 84.42 -24
56.832 86.936 -24
56.037 89.484 -24
55.329 92.056 -24
54.736 94.658 -24
54.29 97.289 -24
54.031 99.945 -24
54.005 102.61 -24
54.194 105.28 -24
54.54 107.92 -24
55.009 110.55 -24
55.59 113.15 -24
56.559 115.64 -24
57.929 117.93 -24
59.546 120.05 -24
61.325 122.04 -24
63.209 123.93 -24
65.156 125.76 -24
67.17 127.51 -24
69.26 129.17 -24
71.439 130.71 -24
73.717 132.1 -24
76.105 133.29 -24
78.61 134.21 -24
81.193 134.88 -24
83.801 135.45 -24
86.438 135.85 -24
89.102 136.01 -24
89.102 136.01 -24
91.768 135.9 -24
94.29 133.86 -32
96.765 133.56 -32
99.229 133.18 -32
101.62 132.47 -32
103.8 131.25 -32
105.76 129.72 -32
107.57 128 -32
109.23 126.14 -32
110.79 124.2 -32
112.27 122.19 -32
113.69 120.14 -32
115.01 118.02 -32
116.15 115.81 -32
117 113.46 -32
117.4 111 -32
117.46 108.51 -32
117.5 106.01 -32
117.53 103.52 -32
117.55 101.03 -32
117.56 98.534 -32
117.5 96.041 -32
116.96 93.606 -32
116.03 91.291 -32
114.84 89.103 -32
113.46 87.025 -32
111.96 85.034 -32
110.37 83.112 -32
108.66 81.299 -32
106.74 79.706 -32
104.68 78.296 -32
102.53 77.033 -32
100.32 75.89 -32
98.092 74.765 -32
95.841 73.691 -32
93.534 72.746 -32
91.147 72.024 -32
88.681 71.654 -32
86.189 71.73 -32
83.726 72.123 -32
81.299 72.694 -32
78.89 73.338 -32
76.482 73.986 -32
74.09 74.69 -32
71.728 75.488 -32
69.413 76.415 -32
67.179 77.524 -32
65.1 78.9 -32
63.289 80.614 -32
61.691 82.528 -32
60.29 84.591 -32
59.083 86.773 -32
58.1 89.065 -32
57.277 91.419 -32
56.542 93.801 -32
55.931 96.219 -32
55.493 98.674 -32
55.294 101.16 -32
55.38 103.65 -32
55.685 106.13 -32
56.153 108.58 -32
56.755 111 -32
57.494 113.38 -32
58.741 115.54 -32
60.334 117.45 -32
62.075 119.24 -32
63.832 121.01 -32
65.543 122.82 -32
67.257 124.63 -32
69.013 126.4 -32
70.847 128.09 -32
72.794 129.65 -32
74.891 131 -32
77.159 132.04 -32
79.508 132.87 -32
81.898 133.58 -32
84.339 134.09 -32
86.825 134.3 -32
89.318 134.24 -32
89.318 134.24 -32
91.807 134.09 -32
95.081 132.29 -40
97.421 131.62 -40
99.731 130.85 -40
102.02 130.02 -40
104.29 129.12 -40
106.49 128.09 -40
108.62 126.9 -40
110.64 125.55 -40
112.53 124.01 -40
114.17 122.21 -40
115.43 120.12 -40
116.46 117.92 -40
117.3 115.63 -40
117.91 113.27 -40
118.21 110.86 -40
118.2 108.42 -40
118.05 105.99 -40
117.82 103.57 -40
117.52 101.15 -40
117.15 98.742 -40
116.73 96.343 -40
116.17 93.973 -40
115.32 91.692 -40
114.25 89.505 -40
113.01 87.404 -40
111.66 85.381 -40
110.18 83.444 -40
108.52 81.67 -40
106.69 80.056 -40
104.73 78.609 -40
102.66 77.331 -40
100.56 76.096 -40
98.42 74.935 -40
96.206 73.92 -40
93.9 73.138 -40
91.501 72.719 -40
89.066 72.7 -40
86.632 72.786 -40
84.201 72.934 -40
81.775 73.14 -40
79.353 73.4 -40
76.939 73.718 -40
74.551 74.198 -40
72.309 75.149 -40
70.231 76.417 -40
68.29 77.889 -40
66.463 79.499 -40
64.754 81.234 -40
63.161 83.076 -40
61.704 85.027 -40
60.41 87.091 -40
59.323 89.27 -40
58.52 91.569 -40
58.003 93.949 -40
57.59 96.349 -40
57.299 98.767 -40
57.174 101.2 -40
57.305 103.63 -40
57.696 106.03 -40
58.285 108.4 -40
59.019 110.72 -40
59.865 113 -40
60.795 115.25 -40
61.978 117.38 -40
63.43 119.34 -40
65.053 121.15 -40
66.787 122.86 -40
68.59 124.5 -40
70.42 126.11 -40
72.258 127.7 -40
74.153 129.23 -40
76.152 130.62 -40
78.3 131.77 -40
80.618 132.52 -40
83.018 132.93 -40
85.436 133.22 -40
87.868 133.34 -40
90.3 133.2 -40
90.3 133.2 -40
92.708 132.84 -40
93.177 129.76 -48
95.2 129.1 -48
97.178 128.32 -48
99.13 127.47 -48
101.08 126.61 -48
103.02 125.74 -48
104.93 124.81 -48
106.79 123.76 -48
108.52 122.53 -48
109.98 120.99 -48
110.86 119.05 -48
111.42 117 -48
111.86 114.91 -48
112.18 112.81 -48
112.37 110.69 -48
112.43 108.56 -48
112.39 106.44 -48
112.31 104.31 -48
112.18 102.18 -48
112.02 100.06 -48
111.82 97.943 -48
111.6 95.827 -48
111.24 93.729 -48
110.7 91.671 -48
110.01 89.657 -48
109.19 87.695 -48
108.22 85.797 -48
107.1 83.993 -48
105.67 82.416 -48
104.03 81.058 -48
102.26 79.879 -48
100.38 78.873 -48
98.436 78.01 -48
96.465 77.207 -48
94.451 76.522 -48
92.381 76.027 -48
90.263 75.822 -48
88.14 75.97 -48
86.044 76.338 -48
83.966 76.799 -48
81.886 77.249 -48
79.805 77.698 -48
77.734 78.188 -48
75.683 78.755 -48
73.67 79.446 -48
71.74 80.341 -48
70.072 81.663 -48
68.75 83.331 -48
67.652 85.154 -48
66.708 87.061 -48
65.883 89.023 -48
65.146 91.019 -48
64.439 93.027 -48
63.812 95.061 -48
63.34 97.136 -48
63.111 99.252 -48
63.118 101.38 -48
63.178 103.51 -48
63.278 105.63 -48
63.414 107.76 -48
63.637 109.87 -48
64.194 111.93 -48
65.029 113.89 -48
66.037 115.76 -48
67.142 117.58 -48
68.283 119.38 -48
69.41 121.18 -48
70.551 122.98 -48
71.758 124.73 -48
73.076 126.4 -48
74.568 127.92 -48
76.322 129.12 -48
78.369 129.7 -48
80.483 129.96 -48
82.603 130.15 -48
84.726 130.29 -48
86.853 130.38 -48
88.981 130.41 -48
88.981 130.41 -48
91.101 130.23 -48
91.55 124.37 -56
93.146 124.07 -56
94.724 123.69 -56
96.281 123.23 -56
97.814 122.7 -56
99.284 122 -56
100.62 121.08 -56
101.84 120.01 -56
102.93 118.81 -56
103.91 117.51 -56
104.73 116.11 -56
105.38 114.63 -56
105.95 113.11 -56
106.45 111.56 -56
106.85 109.99 -56
107.15 108.39 -56
107.31 106.78 -56
107.34 105.15 -56
107.34 103.53 -56
107.34 101.91 -56
107.34 100.28 -56
107.31 98.66 -56
106.99 97.069 -56
106.44 95.544 -56
105.79 94.056 -56
105.06 92.602 -56
104.2 91.225 -56
103.23 89.924 -56
102.17 88.7 -56
101.01 87.563 -56
99.767 86.515 -56
98.462 85.55 -56
97.076 84.705 -56
95.595 84.039 -56
94.026 83.623 -56
92.435 83.299 -56
90.835 83.026 -56
89.226 82.809 -56
87.61 82.658 -56
85.988 82.589 -56
84.366 82.664 -56
82.766 82.939 -56
81.202 83.374 -56
79.676 83.927 -56
78.191 84.582 -56
76.751 85.333 -56
75.422 86.265 -56
74.238 87.375 -56
73.179 88.607 -56
72.255 89.941 -56
71.476 91.366 -56
70.893 92.88 -56
70.447 94.442 -56
70.064 96.019 -56
69.747 97.611 -56
69.508 99.217 -56
69.363 100.83 -56
69.334 102.46 -56
69.419 104.08 -56
69.594 105.69 -56
69.835 107.3 -56
70.125 108.9 -56
70.459 110.48 -56
70.933 112.04 -56
71.546 113.54 -56
72.276 114.99 -56
73.113 116.38 -56
74.059 117.7 -56
75.15 118.9 -56
76.379 119.96 -56
77.7 120.91 -56
79.09 121.75 -56
80.54 122.48 -56
82.043 123.09 -56
83.57 123.64 -56
85.118 124.13 -56
86.701 124.49 -56
88.317 124.64 -56
89.939 124.57 -56
89.939 124.57 -56
88.864 110.26 -64
89.36 110.2 -64
89.841 110.07 -64
90.31 109.89 -64
90.773 109.71 -64
91.237 109.52 -64
91.71 109.36 -64
92.188 109.21 -64
92.666 109.07 -64
93.142 108.92 -64
93.611 108.75 -64
94.064 108.54 -64
94.482 108.26 -64
94.821 107.9 -64
95.074 107.47 -64
95.237 107 -64
95.329 106.5 -64
95.401 106.01 -64
95.454 105.51 -64
95.487 105.01 -64
95.496 104.52 -64
95.432 104.02 -64
95.29 103.54 -64
95.094 103.08 -64
94.861 102.64 -64
94.606 102.21 -64
94.338 101.79 -64
94.067 101.37 -64
93.778 100.96 -64
93.463 100.57 -64
93.114 100.22 -64
92.723 99.905 -64
92.285 99.664 -64
91.828 99.462 -64
91.359 99.29 -64
90.879 99.153 -64
90.388 99.059 -64
89.89 99.016 -64
89.391 98.994 -64
88.892 98.975 -64
88.393 98.96 -64
87.893 98.948 -64
87.394 98.94 -64
86.894 98.935 -64
86.394 98.939 -64
85.896 98.977 -64
85.402 99.047 -64
84.912 99.148 -64
84.434 99.292 -64
84.04 99.599 -64
83.789 100.03 -64
83.598 100.49 -64
83.426 100.96 -64
83.251 101.43 -64
83.041 101.88 -64
82.778 102.31 -64
82.517 102.73 -64
82.327 103.2 -64
82.272 103.69 -64
82.243 104.19 -64
82.221 104.69 -64
82.203 105.19 -64
82.19 105.69 -64
82.183 106.19 -64
82.327 106.67 -64
82.705 106.99 -64
83.139 107.24 -64
83.589 107.46 -64
84.04 107.67 -64
84.478 107.91 -64
84.916 108.15 -64
85.36 108.38 -64
85.808 108.6 -64
86.257 108.82 -64
86.704 109.04 -64
87.147 109.28 -64
87.565 109.55 -64
87.963 109.85 -64
88.384 110.12 -64
88.864 110.26 -64
