218.12 176.42 0
219.77 177.58 0
221.48 178.65 0
223.33 179.46 0
225.26 180.05 0
227.21 180.54 0
229.21 180.8 0
230.65 179.39 0
231.48 177.55 0
232.07 175.63 0
232.5 173.66 0
232.74 171.66 0
232.69 169.64 0
232.28 167.67 0
231.61 165.77 0
230.77 163.94 0
229.78 162.18 0
228.65 160.51 0
227.33 158.99 0
225.75 157.73 0
224.04 156.67 0
222.24 155.77 0
220.37 155 0
218.47 154.34 0
216.55 153.74 0
214.6 153.22 0
212.64 152.75 0
210.67 152.34 0
208.68 151.98 0
206.69 151.66 0
204.7 151.36 0
202.71 151.08 0
200.71 150.82 0
198.7 150.61 0
196.69 150.47 0
194.68 150.41 0
192.66 150.49 0
190.66 150.74 0
188.68 151.11 0
186.71 151.54 0
184.75 152.01 0
182.79 152.47 0
180.83 152.95 0
178.89 153.5 0
176.99 154.18 0
175.18 155.05 0
173.6 156.3 0
172.27 157.82 0
171.14 159.48 0
170.24 161.29 0
169.63 163.21 0
169.45 165.22 0
169.52 167.23 0
169.68 169.24 0
169.93 171.24 0
170.67 173.11 0
172.65 172.73 0
174.63 172.34 0
176.61 172 0
178.62 171.79 0
180.63 171.77 0
182.65 171.77 0
184.66 171.77 0
186.68 171.77 0
188.69 171.77 0
190.71 171.77 0
192.72 171.77 0
194.74 171.79 0
196.75 171.86 0
198.77 171.96 0
200.78 172.08 0
202.79 172.22 0
202.79 172.22 0
204.79 172.4 0
206.79 172.65 0
208.78 172.96 0
210.76 173.34 0
212.73 173.79 0
214.66 174.38 0
216.45 175.3 0
216.88 178.55 -8.64
218.6 179.62 -8.64
220.36 180.64 -8.64
222.15 181.59 -8.64
223.97 182.5 -8.64
225.79 183.39 -8.64
227.64 184.24 -8.64
229.6 183.74 -8.64
230.02 181.75 -8.64
230.25 179.73 -8.64
230.4 177.71 -8.64
230.49 175.68 -8.64
230.49 173.65 -8.64
230.28 171.63 -8.64
229.85 169.65 -8.64
229.25 167.71 -8.64
228.5 165.83 -8.64
227.62 164 -8.64
226.6 162.24 -8.64
225.37 160.63 -8.64
223.9 159.22 -8.64
222.28 158 -8.64
220.54 156.96 -8.64
218.68 156.15 -8.64
216.73 155.56 -8.64
214.76 155.09 -8.64
212.77 154.7 -8.64
210.76 154.41 -8.64
208.74 154.23 -8.64
206.71 154.19 -8.64
204.68 154.31 -8.64
202.66 154.53 -8.64
200.66 154.84 -8.64
198.66 155.18 -8.64
196.66 155.54 -8.64
194.66 155.88 -8.64
192.65 156.19 -8.64
190.64 156.48 -8.64
188.63 156.78 -8.64
186.63 157.1 -8.64
184.64 157.48 -8.64
182.66 157.93 -8.64
180.7 158.46 -8.64
178.76 159.07 -8.64
176.86 159.78 -8.64
175.01 160.62 -8.64
173.25 161.63 -8.64
171.63 162.85 -8.64
170.14 164.23 -8.64
168.79 165.75 -8.64
167.68 167.44 -8.64
166.98 169.35 -8.64
167.22 171.37 -8.64
168.04 173.22 -8.64
169.22 174.87 -8.64
170.87 176.06 -8.64
172.89 175.91 -8.64
174.79 175.2 -8.64
176.65 174.38 -8.64
178.51 173.58 -8.64
180.43 172.9 -8.64
182.38 172.35 -8.64
184.34 171.81 -8.64
186.3 171.31 -8.64
188.29 170.89 -8.64
190.3 170.62 -8.64
192.33 170.54 -8.64
194.36 170.6 -8.64
196.38 170.73 -8.64
198.41 170.92 -8.64
200.42 171.16 -8.64
202.43 171.44 -8.64
202.43 171.44 -8.64
204.35 171.9 -8.64
206.24 172.64 -8.64
208.06 173.54 -8.64
209.84 174.51 -8.64
211.63 175.47 -8.64
213.42 176.43 -8.64
215.16 177.47 -8.64
217.11 178.25 -17.28
218.31 178.81 -17.28
219.45 179.48 -17.28
220.45 180.36 -17.28
221.26 181.4 -17.28
222.02 182.49 -17.28
222.83 183.54 -17.28
223.81 184.42 -17.28
225.07 184.85 -17.28
226.38 185.06 -17.28
227.69 185.21 -17.28
229.01 185.33 -17.28
230.1 184.58 -17.28
230.58 183.34 -17.28
230.89 182.05 -17.28
231.11 180.75 -17.28
231.25 179.43 -17.28
231.25 178.1 -17.28
231.16 176.78 -17.28
231.01 175.47 -17.28
230.79 174.16 -17.28
230.52 172.86 -17.28
230.18 171.58 -17.28
229.75 170.33 -17.28
229.02 169.22 -17.28
228.11 168.26 -17.28
227.09 167.41 -17.28
226.03 166.62 -17.28
224.94 165.86 -17.28
223.83 165.15 -17.28
222.67 164.51 -17.28
221.48 163.92 -17.28
220.28 163.36 -17.28
219.06 162.84 -17.28
217.85 162.32 -17.28
216.64 161.76 -17.28
215.44 161.2 -17.28
214.23 160.67 -17.28
212.98 160.22 -17.28
211.69 159.91 -17.28
210.37 159.8 -17.28
209.05 159.82 -17.28
207.73 159.89 -17.28
206.41 159.99 -17.28
205.09 160.12 -17.28
203.77 160.29 -17.28
202.47 160.51 -17.28
201.2 160.9 -17.28
199.98 161.42 -17.28
198.8 162.02 -17.28
197.65 162.67 -17.28
196.51 163.35 -17.28
195.4 164.08 -17.28
194.33 164.85 -17.28
193.29 165.67 -17.28
192.31 166.56 -17.28
191.44 167.56 -17.28
190.86 168.75 -17.28
191.45 169.94 -17.28
192.5 170.74 -17.28
193.74 171.2 -17.28
195.07 171.23 -17.28
196.39 171.16 -17.28
197.71 171.06 -17.28
199.03 170.96 -17.28
200.35 170.89 -17.28
201.68 170.85 -17.28
202.99 171.04 -17.28
204.21 171.56 -17.28
205.34 172.25 -17.28
206.42 173.01 -17.28
207.51 173.76 -17.28
208.66 174.43 -17.28
209.84 175.02 -17.28
211.04 175.59 -17.28
212.24 176.15 -17.28
213.44 176.71 -17.28
213.44 176.71 -17.28
214.66 177.24 -17.28
215.88 177.74 -17.28
214.98 183.71 -25.92
215.93 184.23 -25.92
216.83 184.84 -25.92
217.63 185.58 -25.92
217.63 185.58 -25.92
218.35 186.4 -25.92
219.02 187.25 -25.92
219.7 188.1 -25.92
220.42 188.92 -25.92
221.13 189.74 -25.92
221.81 190.59 -25.92
222.51 191.43 -25.92
223.24 192.23 -25.92
224.07 192.93 -25.92
225.09 193.31 -25.92
226.06 192.82 -25.92
226.85 192.07 -25.92
227.47 191.18 -25.92
227.91 190.19 -25.92
228.04 189.11 -25.92
228.05 188.02 -25.92
228.05 186.93 -25.92
228.05 185.84 -25.92
228.05 184.76 -25.92
228.05 183.67 -25.92
228.03 182.58 -25.92
227.99 181.49 -25.92
227.92 180.41 -25.92
227.84 179.33 -25.92
227.74 178.24 -25.92
227.63 177.16 -25.92
227.52 176.08 -25.92
227.4 175 -25.92
227.26 173.92 -25.92
227.1 172.84 -25.92
226.88 171.78 -25.92
226.56 170.74 -25.92
225.83 169.93 -25.92
224.78 169.66 -25.92
223.71 169.48 -25.92
222.63 169.34 -25.92
221.55 169.19 -25.92
220.48 168.99 -25.92
219.43 168.71 -25.92
218.39 168.39 -25.92
217.36 168.05 -25.92
216.31 167.75 -25.92
215.25 167.53 -25.92
214.17 167.42 -25.92
213.08 167.42 -25.92
211.99 167.47 -25.92
210.91 167.55 -25.92
209.83 167.65 -25.92
208.75 167.78 -25.92
207.67 167.93 -25.92
206.61 168.18 -25.92
205.58 168.52 -25.92
204.58 168.95 -25.92
203.61 169.44 -25.92
202.67 169.99 -25.92
201.8 170.64 -25.92
200.99 171.37 -25.92
200.28 172.19 -25.92
199.89 173.21 -25.92
200.59 174.04 -25.92
201.52 174.61 -25.92
202.5 175.1 -25.92
203.47 175.57 -25.92
204.42 176.11 -25.92
205.34 176.68 -25.92
206.27 177.24 -25.92
207.2 177.81 -25.92
208.11 178.4 -25.92
209 179.03 -25.92
209.85 179.72 -25.92
210.66 180.44 -25.92
211.46 181.17 -25.92
212.28 181.89 -25.92
213.13 182.57 -25.92
214.03 183.18 -25.92
214.34 185.96 -34.56
215.17 186.84 -34.56
215.95 187.74 -34.56
216.68 188.67 -34.56
217.35 189.65 -34.56
217.93 190.68 -34.56
218.41 191.76 -34.56
218.84 192.87 -34.56
219.22 193.99 -34.56
219.6 195.11 -34.56
220 196.23 -34.56
220.46 197.32 -34.56
220.92 198.41 -34.56
221.38 199.5 -34.56
221.89 200.57 -34.56
222.65 201.48 -34.56
223.75 201.02 -34.56
224.39 200.03 -34.56
224.87 198.94 -34.56
225.15 197.79 -34.56
225.28 196.62 -34.56
225.36 195.43 -34.56
225.42 194.25 -34.56
225.46 193.07 -34.56
225.51 191.88 -34.56
225.57 190.7 -34.56
225.64 189.52 -34.56
225.73 188.34 -34.56
225.83 187.16 -34.56
225.92 185.98 -34.56
226 184.79 -34.56
226.04 183.61 -34.56
225.92 182.43 -34.56
225.58 181.3 -34.56
225.05 180.23 -34.56
224.38 179.26 -34.56
223.52 178.45 -34.56
222.45 177.93 -34.56
221.3 177.63 -34.56
220.14 177.42 -34.56
218.96 177.27 -34.56
217.79 177.12 -34.56
216.61 176.98 -34.56
215.44 176.83 -34.56
214.27 176.64 -34.56
213.1 176.44 -34.56
211.93 176.25 -34.56
210.76 176.08 -34.56
209.58 175.96 -34.56
208.4 175.91 -34.56
207.21 175.93 -34.56
206.03 175.98 -34.56
204.85 176.06 -34.56
203.66 176.16 -34.56
202.48 176.26 -34.56
201.3 176.36 -34.56
200.12 176.44 -34.56
198.94 176.51 -34.56
197.76 176.59 -34.56
196.58 176.69 -34.56
195.41 176.86 -34.56
195.11 178.01 -34.56
196.18 178.51 -34.56
197.33 178.8 -34.56
198.5 179.01 -34.56
199.67 179.2 -34.56
200.83 179.41 -34.56
201.99 179.66 -34.56
203.15 179.92 -34.56
204.3 180.19 -34.56
205.45 180.46 -34.56
206.6 180.77 -34.56
207.73 181.12 -34.56
208.84 181.54 -34.56
209.9 182.07 -34.56
210.88 182.74 -34.56
211.79 183.49 -34.56
212.66 184.29 -34.56
213.51 185.12 -34.56
214.34 185.96 -34.56
