203.81 229.45 0
206.62 228.19 0
209.31 226.26 0
211.81 223.95 0
214.04 221.56 0
215.93 219.02 0
217.53 216.21 0
218.87 213.3 0
220.07 210.31 0
221.35 207.37 0
222.99 204.6 0
224.96 201.96 0
226.36 199.19 0
227.19 196.13 0
227.91 192.89 0
228.42 189.63 0
228.66 186.5 0
228.25 183.59 0
226.78 180.77 0
224.72 178.04 0
222.59 175.37 0
220.74 172.71 0
218.89 169.96 0
216.96 167.26 0
214.9 164.77 0
212.66 162.67 0
210.17 160.88 0
207.36 159.08 0
204.36 157.52 0
201.26 156.46 0
198.17 156.15 0
195.03 156.46 0
191.8 156.94 0
188.58 157.19 0
185.34 157.13 0
182.09 157.02 0
178.96 156.95 0
176.05 157.83 0
173.26 159.72 0
170.35 161.16 0
167.27 162.14 0
164.15 163.05 0
161.16 164.1 0
158.17 165.45 0
154.81 167.05 0
151.45 168.87 0
148.48 170.89 0
146.32 173.07 0
145.36 175.4 0
145.5 178.03 0
145.97 181.11 0
146.61 184.45 0
147.25 187.86 0
147.74 191.14 0
148.05 194.37 0
148.3 197.63 0
148.58 200.86 0
148.95 203.97 0
149.61 206.93 0
150.87 209.85 0
152.58 212.68 0
154.55 215.4 0
156.61 217.96 0
158.66 220.37 0
160.94 222.74 0
163.44 224.86 0
166.09 226.48 0
168.96 227.8 0
172.03 228.94 0
175.19 229.81 0
178.33 230.3 0
181.48 230.64 0
184.66 230.92 0
187.88 231.1 0
191.14 231.17 0
191.14 231.17 0
191.14 231.17 0
194.55 231.03 0
197.81 230.66 0
200.9 230.11 0
202.63 232.72 -8.64
205.79 231.12 -8.64
208.82 229.35 -8.64
211.68 227.43 -8.64
214.34 225.36 -8.64
216.78 223.16 -8.64
219.07 220.78 -8.64
221.28 218.17 -8.64
223.39 215.37 -8.64
225.34 212.44 -8.64
227.08 209.42 -8.64
228.58 206.36 -8.64
229.89 203.25 -8.64
231.12 199.97 -8.64
231.71 196.64 -8.64
231.62 193.16 -8.64
231.3 189.49 -8.64
230.76 185.87 -8.64
230.02 182.55 -8.64
229.08 179.79 -8.64
226.3 177.8 -8.64
224.1 175.3 -8.64
222.32 172.28 -8.64
220.68 169.1 -8.64
218.94 166.11 -8.64
216.85 163.65 -8.64
214.22 161.65 -8.64
211.2 159.88 -8.64
208.06 158.33 -8.64
204.96 156.9 -8.64
201.79 155.46 -8.64
198.55 154.2 -8.64
195.26 153.33 -8.64
191.94 152.99 -8.64
188.53 152.79 -8.64
185.07 152.62 -8.64
181.6 152.5 -8.64
178.16 152.42 -8.64
174.82 152.39 -8.64
171.48 152.92 -8.64
168.25 154.53 -8.64
165.81 156.56 -8.64
164.07 159.8 -8.64
162.41 163.12 -8.64
160.2 165.01 -8.64
156.52 165.84 -8.64
152.44 166.43 -8.64
149.6 167.27 -8.64
148.63 169.04 -8.64
147.91 172.23 -8.64
147.39 176.16 -8.64
147.12 180.13 -8.64
147.13 183.62 -8.64
147.33 187.03 -8.64
147.62 190.44 -8.64
147.94 193.84 -8.64
148.32 197.3 -8.64
148.79 200.75 -8.64
149.37 204.15 -8.64
150.06 207.44 -8.64
150.92 210.58 -8.64
152.3 213.66 -8.64
154.15 216.66 -8.64
156.3 219.49 -8.64
158.55 222.06 -8.64
160.92 224.39 -8.64
163.62 226.57 -8.64
166.52 228.52 -8.64
169.48 230.14 -8.64
172.55 231.72 -8.64
175.75 233.24 -8.64
179.03 234.44 -8.64
182.33 235.08 -8.64
185.63 235.12 -8.64
188.96 235.06 -8.64
192.33 234.87 -8.64
192.33 234.87 -8.64
195.72 234.47 -8.64
199.16 233.78 -8.64
202.63 232.72 -8.64
204.57 230.86 -17.28
207.48 229.69 -17.28
210.33 228.26 -17.28
213.18 226.48 -17.28
215.93 224.4 -17.28
218.46 222.12 -17.28
220.65 219.71 -17.28
222.41 217.24 -17.28
224 214.53 -17.28
225.49 211.56 -17.28
226.79 208.42 -17.28
227.82 205.19 -17.28
228.48 201.98 -17.28
228.78 198.8 -17.28
229.03 195.51 -17.28
229.23 192.18 -17.28
229.37 188.87 -17.28
229.45 185.65 -17.28
229.39 182.57 -17.28
228.72 179.44 -17.28
227.47 176.29 -17.28
225.77 173.21 -17.28
223.77 170.29 -17.28
221.59 167.61 -17.28
219.38 165.27 -17.28
217.18 163.31 -17.28
214.52 161.58 -17.28
211.52 160.03 -17.28
208.38 158.67 -17.28
205.3 157.52 -17.28
202.24 156.38 -17.28
199.11 155.27 -17.28
195.93 154.31 -17.28
192.74 153.63 -17.28
189.54 153.38 -17.28
186.24 153.47 -17.28
182.82 153.72 -17.28
179.39 154.12 -17.28
176.11 154.65 -17.28
173.09 155.29 -17.28
170.48 156.2 -17.28
168.3 158.47 -17.28
166.29 161.49 -17.28
164.17 164.29 -17.28
161.6 165.98 -17.28
158.02 166.9 -17.28
154.56 167.73 -17.28
152.66 169 -17.28
151.56 171.33 -17.28
150.65 174.53 -17.28
149.96 178.19 -17.28
149.54 181.9 -17.28
149.44 185.29 -17.28
149.54 188.55 -17.28
149.78 191.84 -17.28
150.11 195.12 -17.28
150.53 198.36 -17.28
151.01 201.5 -17.28
151.84 204.6 -17.28
153.1 207.66 -17.28
154.65 210.63 -17.28
156.3 213.46 -17.28
158 216.21 -17.28
159.92 219.02 -17.28
162.04 221.71 -17.28
164.33 224.08 -17.28
166.77 225.94 -17.28
169.41 227.39 -17.28
172.34 228.72 -17.28
175.47 229.89 -17.28
178.71 230.9 -17.28
181.99 231.72 -17.28
185.23 232.31 -17.28
188.42 232.76 -17.28
191.67 233.1 -17.28
194.95 233.29 -17.28
194.95 233.29 -17.28
194.95 233.29 -17.28
198.28 232.72 -17.28
201.49 231.89 -17.28
205.06 232.38 -25.92
205.06 232.38 -25.92
208.13 230.93 -25.92
211.01 229.23 -25.92
213.7 227.33 -25.92
216.2 225.27 -25.92
218.49 222.85 -25.92
220.6 220.27 -25.92
222.67 217.63 -25.92
224.61 214.88 -25.92
226.18 212.02 -25.92
227.46 209.03 -25.92
228.72 205.91 -25.92
229.85 202.71 -25.92
230.76 199.45 -25.92
231.35 196.17 -25.92
231.51 192.9 -25.92
231.45 189.52 -25.92
231.3 186.09 -25.92
231.08 182.76 -25.92
230.81 179.71 -25.92
230.07 176.78 -25.92
228.68 173.88 -25.92
226.76 171.03 -25.92
224.45 168.29 -25.92
221.85 165.7 -25.92
219.09 163.29 -25.92
216.29 161.13 -25.92
213.57 159.24 -25.92
210.92 157.59 -25.92
208 155.99 -25.92
204.88 154.54 -25.92
201.65 153.38 -25.92
198.41 152.66 -25.92
195.17 152.34 -25.92
191.85 152.1 -25.92
188.51 151.95 -25.92
185.19 151.92 -25.92
181.8 152.21 -25.92
178.42 152.79 -25.92
175.21 153.56 -25.92
172.32 154.47 -25.92
169.72 156.03 -25.92
167.3 158.19 -25.92
164.99 160.75 -25.92
162.71 163.47 -25.92
160.39 166.14 -25.92
157.95 168.54 -25.92
154.96 170.5 -25.92
151.52 172.26 -25.92
149.96 174.31 -25.92
150.04 176.99 -25.92
150.27 180.17 -25.92
150.6 183.67 -25.92
151 187.28 -25.92
151.44 190.82 -25.92
151.89 194.15 -25.92
152.42 197.49 -25.92
153.05 200.87 -25.92
153.78 204.25 -25.92
154.62 207.56 -25.92
155.58 210.75 -25.92
156.67 213.76 -25.92
157.89 216.55 -25.92
159.63 219.14 -25.92
161.97 221.59 -25.92
164.63 223.86 -25.92
167.31 225.93 -25.92
169.98 227.92 -25.92
172.83 229.79 -25.92
175.79 231.22 -25.92
178.86 232.13 -25.92
182.07 232.94 -25.92
185.37 233.64 -25.92
188.71 234.17 -25.92
192.04 234.49 -25.92
195.32 234.54 -25.92
195.32 234.54 -25.92
198.57 234.16 -25.92
201.82 233.4 -25.92
206.49 232.63 -34.56
209.34 232.21 -34.56
211.97 231.27 -34.56
214.48 229.27 -34.56
216.81 226.59 -34.56
218.85 223.65 -34.56
220.54 220.85 -34.56
221.9 218.07 -34.56
223.08 215.09 -34.56
224.13 211.98 -34.56
225.13 208.83 -34.56
226.13 205.71 -34.56
227.25 202.66 -34.56
228.5 199.61 -34.56
229.59 196.55 -34.56
230.24 193.44 -34.56
230.42 190.24 -34.56
230.55 186.9 -34.56
230.65 183.55 -34.56
230.71 180.33 -34.56
230.73 177.36 -34.56
230.22 174.5 -34.56
228.89 171.61 -34.56
226.92 168.78 -34.56
224.48 166.09 -34.56
221.77 163.64 -34.56
218.94 161.49 -34.56
216.18 159.75 -34.56
213.57 158.42 -34.56
210.7 157.15 -34.56
207.6 155.99 -34.56
204.35 155.03 -34.56
201.06 154.36 -34.56
197.83 154.08 -34.56
194.62 154.08 -34.56
191.35 154.08 -34.56
188.07 154.08 -34.56
184.82 154.08 -34.56
181.65 154.08 -34.56
178.62 154.3 -34.56
175.69 155.43 -34.56
172.82 157.14 -34.56
169.98 159.02 -34.56
167.1 160.63 -34.56
163.77 161.96 -34.56
160.53 163.31 -34.56
158.4 164.95 -34.56
157.28 167.1 -34.56
156.28 169.77 -34.56
155.39 172.85 -34.56
154.63 176.21 -34.56
154.01 179.74 -34.56
153.54 183.32 -34.56
153.24 186.84 -34.56
153.11 190.18 -34.56
153.25 193.36 -34.56
153.75 196.57 -34.56
154.53 199.78 -34.56
155.49 202.92 -34.56
156.53 205.95 -34.56
157.68 208.86 -34.56
159.2 211.74 -34.56
161.01 214.52 -34.56
163.01 217.16 -34.56
165.09 219.6 -34.56
167.26 221.91 -34.56
169.62 224.31 -34.56
172.16 226.65 -34.56
174.84 228.76 -34.56
177.63 230.48 -34.56
180.48 231.64 -34.56
183.4 232.18 -34.56
186.46 232.6 -34.56
189.66 232.94 -34.56
192.98 233.15 -34.56
196.4 233.23 -34.56
196.4 233.23 -34.56
196.4 233.23 -34.56
199.98 233.16 -34.56
203.36 232.95 -34.56
205.05 231.29 -43.2
205.05 231.29 -43.2
208.3 230.71 -43.2
211.25 229.68 -43.2
213.87 228.39 -43.2
216.16 226.4 -43.2
218.24 223.91 -43.2
220.28 221.47 -43.2
222.34 219.09 -43.2
224.25 216.62 -43.2
225.89 214.02 -43.2
227.47 211.28 -43.2
228.91 208.44 -43.2
230.1 205.54 -43.2
230.92 202.59 -43.2
231.56 199.53 -43.2
232.03 196.41 -43.2
232.17 193.33 -43.2
231.86 190.28 -43.2
231.18 187.22 -43.2
230.21 184.18 -43.2
229.04 181.18 -43.2
227.74 178.26 -43.2
226.41 175.44 -43.2
225.06 172.71 -43.2
223.44 169.99 -43.2
221.56 167.38 -43.2
219.5 165 -43.2
217.3 162.96 -43.2
214.8 161.09 -43.2
212.06 159.42 -43.2
209.21 158.08 -43.2
206.32 157.08 -43.2
203.28 156.28 -43.2
200.21 155.63 -43.2
197.14 155 -43.2
194.03 154.38 -43.2
190.93 153.9 -43.2
187.87 153.67 -43.2
184.83 153.84 -43.2
181.76 154.45 -43.2
178.7 155.39 -43.2
175.7 156.58 -43.2
172.79 157.91 -43.2
170.02 159.27 -43.2
167.23 160.7 -43.2
164.2 162.45 -43.2
161.35 164.46 -43.2
159.15 166.69 -43.2
158.03 169.08 -43.2
157.59 171.85 -43.2
157.25 175.03 -43.2
157.05 178.34 -43.2
157 181.53 -43.2
157 184.66 -43.2
157 187.81 -43.2
157 190.94 -43.2
157 194.04 -43.2
157.04 197.09 -43.2
157.61 200.14 -43.2
158.67 203.16 -43.2
160 206.08 -43.2
161.36 208.85 -43.2
162.96 211.45 -43.2
164.91 213.92 -43.2
167 216.32 -43.2
169.03 218.73 -43.2
170.98 221.51 -43.2
172.97 224.36 -43.2
175.06 226.82 -43.2
177.34 228.41 -43.2
179.93 228.98 -43.2
182.89 229.32 -43.2
186.1 229.57 -43.2
189.4 229.78 -43.2
192.64 230.03 -43.2
195.75 230.33 -43.2
198.85 230.65 -43.2
198.85 230.65 -43.2
201.95 230.97 -43.2
203.61 229.81 -51.84
206.61 229.81 -51.84
206.61 229.81 -51.84
209.17 228.19 -51.84
211.63 226.47 -51.84
213.98 224.65 -51.84
216.23 222.74 -51.84
218.36 220.75 -51.84
220.38 218.68 -51.84
222.39 216.52 -51.84
224.43 214.24 -51.84
226.37 211.83 -51.84
228.03 209.34 -51.84
229.25 206.76 -51.84
230.01 204.09 -51.84
230.66 201.24 -51.84
231.23 198.28 -51.84
231.66 195.27 -51.84
231.92 192.29 -51.84
231.94 189.4 -51.84
231.35 186.49 -51.84
230.29 183.63 -51.84
229.07 180.95 -51.84
227.8 178.4 -51.84
226.29 175.79 -51.84
224.56 173.18 -51.84
222.65 170.63 -51.84
220.58 168.23 -51.84
218.39 166.02 -51.84
216.11 164.08 -51.84
213.77 162.48 -51.84
211.41 161.27 -51.84
208.85 160.24 -51.84
206.06 159.28 -51.84
203.1 158.45 -51.84
200.08 157.82 -51.84
197.08 157.48 -51.84
194.15 157.44 -51.84
191.21 157.45 -51.84
188.24 157.48 -51.84
185.28 157.52 -51.84
182.32 157.58 -51.84
179.39 157.65 -51.84
176.33 157.92 -51.84
173.2 158.53 -51.84
170.36 159.38 -51.84
168.16 160.43 -51.84
166.22 162.24 -51.84
164.43 164.77 -51.84
162.9 167.71 -51.84
161.74 170.76 -51.84
161.05 173.62 -51.84
160.58 176.45 -51.84
160.17 179.4 -51.84
159.85 182.39 -51.84
159.66 185.38 -51.84
159.61 188.31 -51.84
159.92 191.2 -51.84
160.61 194.09 -51.84
161.54 196.96 -51.84
162.59 199.77 -51.84
163.63 202.51 -51.84
164.76 205.21 -51.84
166.06 207.87 -51.84
167.52 210.49 -51.84
169.08 213.03 -51.84
170.72 215.48 -51.84
172.41 217.89 -51.84
174.22 220.4 -51.84
176.17 222.81 -51.84
178.27 224.88 -51.84
180.54 226.4 -51.84
183.1 227.6 -51.84
185.94 228.67 -51.84
188.91 229.46 -51.84
191.87 229.81 -51.84
194.77 229.81 -51.84
197.69 229.81 -51.84
200.64 229.81 -51.84
200.64 229.81 -51.84
203.75 225.96 -60.48
206.4 225.24 -60.48
209.03 224.29 -60.48
211.66 223.15 -60.48
211.66 223.15 -60.48
214.3 221.98 -60.48
216.77 220.63 -60.48
219.07 219.11 -60.48
221.17 217.45 -60.48
223.06 215.68 -60.48
224.95 213.67 -60.48
226.77 211.4 -60.48
228.25 208.99 -60.48
229.11 206.51 -60.48
229.49 203.96 -60.48
229.81 201.24 -60.48
230.07 198.44 -60.48
230.27 195.61 -60.48
230.4 192.83 -60.48
230.46 190.15 -60.48
230.27 187.6 -60.48
229.48 185.06 -60.48
228.21 182.56 -60.48
226.62 180.13 -60.48
224.87 177.79 -60.48
223.1 175.58 -60.48
221.44 173.5 -60.48
219.62 171.44 -60.48
217.62 169.45 -60.48
215.49 167.6 -60.48
213.27 165.97 -60.48
210.99 164.65 -60.48
208.61 163.44 -60.48
206.09 162.27 -60.48
203.48 161.21 -60.48
200.8 160.34 -60.48
198.11 159.75 -60.48
195.43 159.51 -60.48
192.71 159.44 -60.48
189.93 159.38 -60.48
187.14 159.34 -60.48
184.38 159.31 -60.48
181.72 159.3 -60.48
179.15 159.52 -60.48
176.63 160.56 -60.48
174.19 162.12 -60.48
171.9 163.85 -60.48
169.7 165.49 -60.48
167.25 167.35 -60.48
165.05 169.41 -60.48
163.72 171.62 -60.48
163.58 173.92 -60.48
163.75 176.42 -60.48
164.06 179.09 -60.48
164.47 181.86 -60.48
164.95 184.7 -60.48
165.47 187.54 -60.48
166.01 190.33 -60.48
166.54 193.04 -60.48
167.14 195.7 -60.48
167.82 198.35 -60.48
168.57 200.98 -60.48
169.34 203.6 -60.48
170.09 206.31 -60.48
170.86 209.08 -60.48
171.71 211.77 -60.48
172.7 214.24 -60.48
173.9 216.38 -60.48
175.55 218.42 -60.48
177.62 220.4 -60.48
179.97 222.2 -60.48
182.47 223.67 -60.48
184.98 224.71 -60.48
187.48 225.33 -60.48
190.15 225.87 -60.48
192.92 226.3 -60.48
195.71 226.57 -60.48
198.42 226.64 -60.48
201.09 226.43 -60.48
201.09 226.43 -60.48
203.79 222.44 -69.12
203.79 222.44 -69.12
206.43 222.27 -69.12
208.91 221.82 -69.12
211.22 221.15 -69.12
213.31 220.33 -69.12
215.14 219.4 -69.12
216.71 218.4 -69.12
218.25 216.99 -69.12
219.76 215.14 -69.12
221.13 213.01 -69.12
222.25 210.71 -69.12
222.99 208.39 -69.12
223.25 206.18 -69.12
223.23 204.02 -69.12
223.18 201.78 -69.12
223.08 199.48 -69.12
222.96 197.15 -69.12
222.8 194.8 -69.12
222.61 192.46 -69.12
222.38 190.13 -69.12
222.14 187.85 -69.12
221.86 185.63 -69.12
221.51 183.46 -69.12
220.81 181.22 -69.12
219.82 179 -69.12
218.62 176.91 -69.12
217.3 175.07 -69.12
215.93 173.57 -69.12
214.27 172.22 -69.12
212.33 170.97 -69.12
210.21 169.84 -69.12
207.98 168.85 -69.12
205.75 168.03 -69.12
203.6 167.38 -69.12
201.42 166.85 -69.12
199.19 166.4 -69.12
196.93 166 -69.12
194.65 165.63 -69.12
192.37 165.28 -69.12
190.11 164.91 -69.12
187.65 164.49 -69.12
184.99 164.03 -69.12
182.36 163.59 -69.12
180.01 163.23 -69.12
178.16 163.01 -69.12
177.01 163.05 -69.12
176.09 164.18 -69.12
175.26 166.3 -69.12
174.58 169.02 -69.12
174.09 171.94 -69.12
173.85 174.64 -69.12
173.84 176.92 -69.12
173.88 179.2 -69.12
173.95 181.49 -69.12
174.04 183.79 -69.12
174.16 186.09 -69.12
174.29 188.38 -69.12
174.45 190.63 -69.12
174.7 192.86 -69.12
175.18 195.08 -69.12
175.84 197.28 -69.12
176.62 199.47 -69.12
177.46 201.62 -69.12
178.3 203.75 -69.12
179.15 205.87 -69.12
180.07 208 -69.12
181.1 210.08 -69.12
182.22 212.06 -69.12
183.48 213.89 -69.12
184.94 215.77 -69.12
186.59 217.55 -69.12
188.38 218.97 -69.12
190.24 219.85 -69.12
192.21 220.54 -69.12
194.3 221.16 -69.12
196.5 221.68 -69.12
198.82 222.08 -69.12
201.25 222.35 -69.12
201.25 222.35 -69.12
201.57 211.77 -77.76
201.57 211.77 -77.76
203.17 211.77 -77.76
204.77 211.77 -77.76
206.34 211.44 -77.76
207.86 210.92 -77.76
209.25 210.13 -77.76
210.68 209.4 -77.76
212.02 208.52 -77.76
213.35 207.62 -77.76
214.26 206.3 -77.76
215.06 204.91 -77.76
215.64 203.42 -77.76
216.43 202.01 -77.76
216.43 200.41 -77.76
216.43 198.81 -77.76
216.43 197.2 -77.76
216.16 195.62 -77.76
216 194.03 -77.76
216 192.43 -77.76
216 190.82 -77.76
216 189.22 -77.76
216 187.62 -77.76
216 186.01 -77.76
215.82 184.41 -77.76
215.13 182.98 -77.76
214.21 181.67 -77.76
213.27 180.37 -77.76
212.51 178.96 -77.76
211.75 177.53 -77.76
210.56 176.48 -77.76
209.3 175.49 -77.76
208.04 174.5 -77.76
206.62 173.74 -77.76
205.14 173.15 -77.76
203.62 172.62 -77.76
202.05 172.3 -77.76
200.48 171.97 -77.76
198.88 171.97 -77.76
197.28 171.97 -77.76
195.67 171.97 -77.76
194.07 171.97 -77.76
192.46 172.01 -77.76
191.02 172.69 -77.76
189.57 173.38 -77.76
188.41 174.41 -77.76
187.52 175.73 -77.76
186.25 176.74 -77.76
185.08 177.85 -77.76
184.21 179.15 -77.76
183.51 180.6 -77.76
182.88 182.01 -77.76
182.52 183.58 -77.76
182.15 185.12 -77.76
182.1 186.72 -77.76
182.1 188.33 -77.76
182.1 189.93 -77.76
182.1 191.54 -77.76
182.13 193.14 -77.76
182.46 194.7 -77.76
182.76 196.26 -77.76
183.02 197.79 -77.76
183.42 199.3 -77.76
183.67 200.84 -77.76
184.34 202.32 -77.76
185.02 203.76 -77.76
186.05 204.99 -77.76
187.19 206.12 -77.76
188.46 207.09 -77.76
189.74 208.08 -77.76
191.2 208.69 -77.76
192.95 209.26 -77.76
192.43 208.54 -77.76
193.15 208.61 -77.76
194.79 208.91 -77.76
196.42 208.92 -77.76
197.71 209.72 -77.76
198.43 211.13 -77.76
199.97 211.65 -77.76
201.57 211.77 -77.76
