207.43 228.95 0
211.21 226.57 0
214.43 223.18 0
216.98 219.37 0
219.24 215.28 0
221.43 211.22 0
223.5 207.09 0
225.91 202.96 0
228.19 198.8 0
229.36 194.5 0
229.47 189.97 0
229.52 185.3 0
229.22 180.7 0
228.57 176.12 0
228.63 171.49 0
228.87 166.86 0
229.58 162.38 0
231.46 158.03 0
231.78 153.52 0
231.78 148.88 0
231.56 144.27 0
231.3 139.66 0
231.54 135 0
231.74 130.49 0
229.83 126.26 0
227.02 122.5 0
223.69 119.18 0
219.92 116.63 0
215.71 114.45 0
211.32 113.16 0
206.77 112.7 0
202.12 112.35 0
197.54 111.79 0
192.98 111.08 0
188.41 110.42 0
183.82 109.88 0
179.21 109.42 0
174.64 109.45 0
170.09 110.35 0
165.6 111.51 0
161.11 112.82 0
156.94 114.57 0
153.12 117.21 0
149.7 120.41 0
146.78 123.94 0
144.3 127.87 0
141.89 131.92 0
139.55 136.13 0
138.02 140.45 0
137.81 144.89 0
137.98 149.51 0
138.29 154.18 0
138.87 158.74 0
140.1 163.2 0
141.44 167.62 0
142.69 172.07 0
143.9 176.53 0
144.91 181.03 0
145.55 185.59 0
146.06 190.18 0
146.81 194.73 0
147.57 199.28 0
148.03 203.96 0
148.55 208.5 0
150.37 212.5 0
153.44 216.22 0
156.2 219.98 0
159.26 223.35 0
162.93 226.2 0
166.87 228.64 0
171.05 230.81 0
175.48 231.46 0
180.12 231.71 0
184.77 231.96 0
189.37 232.28 0
193.97 232.62 0
193.97 232.62 0
193.97 232.62 0
198.84 232.04 0
203.31 230.71 0
207 231.93 -8.64
210.6 229.02 -8.64
214.32 226.36 -8.64
217.88 223.56 -8.64
221.17 220.37 -8.64
224.07 216.88 -8.64
226.8 213.15 -8.64
229.25 209.18 -8.64
230.97 205.05 -8.64
232.03 200.68 -8.64
232.77 196.11 -8.64
232.81 191.58 -8.64
231.93 187.09 -8.64
231.11 182.59 -8.64
231.21 178.06 -8.64
231.61 173.51 -8.64
231.77 168.96 -8.64
231.86 164.4 -8.64
231.91 159.84 -8.64
231.93 155.29 -8.64
231.54 150.76 -8.64
230.82 146.25 -8.64
229.95 141.78 -8.64
229.55 137.23 -8.64
229.37 132.64 -8.64
228.98 128.16 -8.64
227.2 123.91 -8.64
223.25 121.7 -8.64
219.46 118.86 -8.64
215.22 118.13 -8.64
210.57 117.94 -8.64
206.08 118.49 -8.64
201.67 119.84 -8.64
197.21 119.34 -8.64
192.81 118.01 -8.64
188.65 116.03 -8.64
184.46 114.35 -8.64
179.92 113.55 -8.64
175.45 113.23 -8.64
171.32 114.38 -8.64
167.37 116.87 -8.64
163.48 119.8 -8.64
159.56 122.31 -8.64
155.38 124.56 -8.64
151.66 127.08 -8.64
148.71 130.36 -8.64
146.09 134.46 -8.64
145.05 138.8 -8.64
145.25 143.33 -8.64
145.42 147.92 -8.64
145.52 152.47 -8.64
145.52 157.03 -8.64
145.43 161.59 -8.64
145.37 166.13 -8.64
146.08 170.64 -8.64
146.34 175.16 -8.64
146.34 179.72 -8.64
146.34 184.28 -8.64
146.35 188.85 -8.64
146.39 193.41 -8.64
146.45 197.94 -8.64
147.16 202.44 -8.64
148.39 206.85 -8.64
149.91 211.16 -8.64
151.9 215.27 -8.64
154.33 219.09 -8.64
157.24 222.69 -8.64
160.43 225.88 -8.64
163.99 228.82 -8.64
167.85 231.29 -8.64
171.96 233.07 -8.64
176.36 234.44 -8.64
180.78 235.61 -8.64
185.25 236.64 -8.64
189.76 236.87 -8.64
194.32 236.65 -8.64
194.32 236.65 -8.64
194.32 236.65 -8.64
198.9 235.67 -8.64
203.14 234.1 -8.64
208.22 230.82 -17.28
212.17 229.02 -17.28
215.59 226.76 -17.28
218.5 223.51 -17.28
221.2 219.95 -17.28
223.96 216.53 -17.28
226.25 212.9 -17.28
228.12 208.91 -17.28
229.27 204.73 -17.28
229.7 200.42 -17.28
230 196.06 -17.28
230.23 191.71 -17.28
230.54 187.38 -17.28
231.4 183.1 -17.28
231.01 178.8 -17.28
230.79 174.47 -17.28
230.82 170.12 -17.28
230.81 165.77 -17.28
230.79 161.42 -17.28
231 157.06 -17.28
231.2 152.72 -17.28
230.69 148.43 -17.28
229.9 144.16 -17.28
229.9 139.72 -17.28
229.75 135.54 -17.28
227.17 131.83 -17.28
223.9 128.98 -17.28
220.22 126.75 -17.28
216.32 124.79 -17.28
212.31 123.01 -17.28
208.3 121.32 -17.28
204.23 119.78 -17.28
200.18 118.17 -17.28
196.16 116.43 -17.28
192.02 115.28 -17.28
187.74 114.43 -17.28
183.39 113.92 -17.28
178.97 113.91 -17.28
174.47 114.04 -17.28
170.55 114.37 -17.28
167.19 116.68 -17.28
164.16 120.43 -17.28
161.34 124.07 -17.28
158.55 127.47 -17.28
155.95 131.06 -17.28
153.83 134.82 -17.28
152.28 138.82 -17.28
151.17 143.08 -17.28
150.77 147.39 -17.28
150.56 151.76 -17.28
150.85 156.06 -17.28
152.41 160.34 -17.28
153.57 164.43 -17.28
151.74 168.13 -17.28
149.54 171.91 -17.28
148.45 176.12 -17.28
147.78 180.5 -17.28
147.79 184.83 -17.28
148.24 189.17 -17.28
148.48 193.54 -17.28
148.66 197.9 -17.28
149.41 202.04 -17.28
151.39 206.01 -17.28
153.39 209.93 -17.28
155.39 213.79 -17.28
157.57 217.6 -17.28
159.89 221.44 -17.28
162.6 224.65 -17.28
166.1 227.05 -17.28
170.13 229.02 -17.28
174.14 230.68 -17.28
178.28 232.1 -17.28
182.47 233.23 -17.28
186.75 234.26 -17.28
191.04 234.74 -17.28
195.3 234.44 -17.28
195.3 234.44 -17.28
199.55 233.55 -17.28
203.8 232 -17.28
203.8 232 -17.28
207.11 231.49 -25.92
210.67 229.34 -25.92
214.04 226.68 -25.92
217.29 223.86 -25.92
220.68 221.13 -25.92
223.68 218.18 -25.92
225.46 214.58 -25.92
226.8 210.47 -25.92
228.03 206.26 -25.92
229.55 202.23 -25.92
230.67 198.18 -25.92
230.94 193.98 -25.92
231.09 189.7 -25.92
231.31 185.44 -25.92
231.84 181.22 -25.92
232.53 177.01 -25.92
233.01 172.79 -25.92
233.07 168.48 -25.92
233.07 164.09 -25.92
232.58 160.35 -25.92
229.11 157.26 -25.92
228.06 153.39 -25.92
227.49 149.04 -25.92
226.62 144.8 -25.92
225.54 140.53 -25.92
224.12 136.59 -25.92
221.9 133.35 -25.92
218.5 130.56 -25.92
215.25 127.7 -25.92
212.11 124.83 -25.92
208.56 122.53 -25.92
204.86 120.42 -25.92
201.6 117.26 -25.92
198.26 115.18 -25.92
194.14 115.18 -25.92
189.74 115.18 -25.92
185.48 115.22 -25.92
181.21 115.36 -25.92
176.97 115.57 -25.92
172.43 115.99 -25.92
167.71 117.06 -25.92
165.63 118.89 -25.92
165.03 123.28 -25.92
164.22 127.81 -25.92
162.58 131.74 -25.92
160.67 135.57 -25.92
158.41 139.24 -25.92
156.07 142.87 -25.92
154.39 146.67 -25.92
153.51 150.79 -25.92
152.86 155.02 -25.92
152.35 159.24 -25.92
151.79 163.45 -25.92
151.12 167.65 -25.92
150.35 171.83 -25.92
150.35 171.83 -25.92
149.99 176.09 -25.92
149.88 180.33 -25.92
149.88 184.56 -25.92
150.28 188.78 -25.92
151.03 192.98 -25.92
151.89 197.17 -25.92
152.66 201.36 -25.92
153.43 205.59 -25.92
154.39 209.72 -25.92
155.84 213.65 -25.92
158.06 217.37 -25.92
160.79 220.49 -25.92
164.15 223.2 -25.92
167.43 226.02 -25.92
170.69 228.98 -25.92
174.17 231.19 -25.92
178.13 232.33 -25.92
182.4 233.12 -25.92
186.62 233.89 -25.92
190.86 234.67 -25.92
195.06 235.18 -25.92
195.06 235.18 -25.92
199.17 234.96 -25.92
203.24 233.48 -25.92
206.21 233.99 -34.56
210.08 232.99 -34.56
213.83 231.68 -34.56
217.27 229.41 -34.56
219.85 226.37 -34.56
221.96 222.76 -34.56
223.72 219.13 -34.56
225.25 215.33 -34.56
226.61 211.48 -34.56
227.82 207.59 -34.56
228.89 203.66 -34.56
229.92 199.71 -34.56
230.93 195.75 -34.56
231.74 191.76 -34.56
232.22 187.74 -34.56
232.56 183.65 -34.56
232.7 179.61 -34.56
231.71 175.68 -34.56
230.08 171.8 -34.56
229.67 167.89 -34.56
230.95 163.95 -34.56
231.64 159.97 -34.56
231.18 155.74 -34.56
230.1 152.16 -34.56
226.75 149.51 -34.56
224.39 146.33 -34.56
222.9 142.46 -34.56
221.54 138.54 -34.56
220.27 134.59 -34.56
218.3 131.4 -34.56
215.29 128.62 -34.56
211.76 126.17 -34.56
208.24 124.06 -34.56
204.63 122.09 -34.56
200.84 120.45 -34.56
196.95 119.44 -34.56
192.88 118.71 -34.56
188.75 118.2 -34.56
184.86 118.08 -34.56
181.19 119.56 -34.56
177.71 122.15 -34.56
174.43 124.62 -34.56
171.28 127.29 -34.56
168.43 130.23 -34.56
165.93 133.37 -34.56
163.44 136.78 -34.56
161.26 140.39 -34.56
159.75 144.13 -34.56
159.1 147.99 -34.56
158.78 152.08 -34.56
158.39 156.17 -34.56
157.78 160.2 -34.56
157 164.21 -34.56
156.04 168.15 -34.56
154.73 172.02 -34.56
153.74 175.95 -34.56
152.9 179.97 -34.56
152.2 184.02 -34.56
151.82 188.05 -34.56
151.96 192.06 -34.56
152.67 196.07 -34.56
153.78 200.05 -34.56
155.08 203.98 -34.56
156.41 207.8 -34.56
158.09 211.55 -34.56
160.1 215.05 -34.56
162.41 218.5 -34.56
165 221.83 -34.56
167.83 224.83 -34.56
170.85 227.29 -34.56
174.22 229.43 -34.56
177.94 231.37 -34.56
181.84 232.89 -34.56
185.75 233.79 -34.56
189.71 234.38 -34.56
193.77 234.82 -34.56
197.93 234.98 -34.56
197.93 234.98 -34.56
197.93 234.98 -34.56
202.17 234.71 -34.56
203.97 232.58 -43.2
207.65 232.55 -43.2
211.37 231.42 -43.2
214.72 229.56 -43.2
217.29 227.2 -43.2
219.45 223.97 -43.2
221.6 220.71 -43.2
223.95 217.73 -43.2
226.22 214.7 -43.2
228.08 211.48 -43.2
229.72 208.05 -43.2
230.99 204.5 -43.2
231.91 200.88 -43.2
232.7 197.18 -43.2
233.31 193.43 -43.2
233.7 189.68 -43.2
233.93 185.93 -43.2
234.1 182.16 -43.2
234.19 178.39 -43.2
234.12 174.62 -43.2
233.81 170.86 -43.2
233.35 167.11 -43.2
232.83 163.39 -43.2
232.1 159.62 -43.2
231.15 155.91 -43.2
229.97 152.39 -43.2
228.41 149.11 -43.2
226.22 145.96 -43.2
223.65 143.04 -43.2
220.95 140.5 -43.2
217.81 138.36 -43.2
214.84 135.94 -43.2
212.15 132.7 -43.2
209.51 129.51 -43.2
206.69 127.38 -43.2
203.45 127.07 -43.2
199.67 127.31 -43.2
195.75 127.72 -43.2
192.12 128.35 -43.2
188.69 129.8 -43.2
185.35 131.76 -43.2
182.01 133.66 -43.2
178.55 135.31 -43.2
175.25 137.12 -43.2
172.54 139.5 -43.2
170.18 142.48 -43.2
167.93 145.62 -43.2
165.53 148.58 -43.2
163.19 151.58 -43.2
161.58 154.83 -43.2
160.23 158.3 -43.2
159.18 161.96 -43.2
158.56 165.83 -43.2
158.56 165.83 -43.2
157.59 169.49 -43.2
156.88 173.18 -43.2
156.47 176.91 -43.2
156.12 180.67 -43.2
155.9 184.44 -43.2
155.83 188.21 -43.2
155.9 191.99 -43.2
156.08 195.75 -43.2
156.52 199.46 -43.2
157.61 203.12 -43.2
158.95 206.62 -43.2
160.68 209.94 -43.2
162.75 213.14 -43.2
164.83 216.31 -43.2
166.84 219.63 -43.2
168.96 222.83 -43.2
171.4 225.48 -43.2
174.39 227.74 -43.2
177.82 229.66 -43.2
181.36 230.76 -43.2
185 231.33 -43.2
188.79 231.75 -43.2
192.61 232.04 -43.2
196.39 232.26 -43.2
200.2 232.45 -43.2
200.2 232.45 -43.2
203.12 230.69 -51.84
206.64 230.17 -51.84
206.64 230.17 -51.84
209.91 228.84 -51.84
212.95 227.22 -51.84
215.74 225.3 -51.84
218.34 222.97 -51.84
220.77 220.44 -51.84
223 217.82 -51.84
225.08 215.03 -51.84
227.23 212.27 -51.84
229.06 209.38 -51.84
230.26 206.15 -51.84
231.19 202.78 -51.84
232.02 199.41 -51.84
232.78 196.02 -51.84
233.39 192.6 -51.84
233.71 189.16 -51.84
233.9 185.71 -51.84
234 182.24 -51.84
233.92 178.77 -51.84
233.62 175.29 -51.84
233.18 171.85 -51.84
232.6 168.5 -51.84
231.5 165.25 -51.84
230.07 162.04 -51.84
228.64 158.84 -51.84
227.43 155.57 -51.84
226.14 152.35 -51.84
224.49 149.33 -51.84
222.42 146.41 -51.84
220.07 143.94 -51.84
217.41 141.9 -51.84
214.38 139.98 -51.84
211.14 138.39 -51.84
207.83 137.34 -51.84
204.51 136.84 -51.84
201.04 136.45 -51.84
197.51 136.17 -51.84
194.05 136.03 -51.84
190.65 136.21 -51.84
187.15 137.07 -51.84
183.73 138.45 -51.84
180.6 140.16 -51.84
177.95 141.98 -51.84
175.79 144.53 -51.84
173.93 147.67 -51.84
172.33 150.76 -51.84
170.99 154.01 -51.84
169.54 157.15 -51.84
167.45 159.82 -51.84
164.72 162.19 -51.84
162.6 164.77 -51.84
161.23 167.84 -51.84
160.11 171.21 -51.84
159.34 174.68 -51.84
158.96 178.09 -51.84
158.68 181.56 -51.84
158.53 185.03 -51.84
158.6 188.48 -51.84
159.12 191.91 -51.84
159.87 195.32 -51.84
160.66 198.69 -51.84
161.66 202.04 -51.84
162.89 205.27 -51.84
164.51 208.28 -51.84
166.49 211.16 -51.84
168.35 214.1 -51.84
170.22 217.03 -51.84
172.27 219.79 -51.84
174.54 222.53 -51.84
176.99 225.14 -51.84
179.66 227.23 -51.84
182.62 228.7 -51.84
185.92 230.02 -51.84
189.38 230.92 -51.84
192.8 231.12 -51.84
196.2 231.1 -51.84
199.64 230.98 -51.84
203.12 230.69 -51.84
203.14 227.32 -60.48
206.53 226.47 -60.48
206.53 226.47 -60.48
209.91 225.33 -60.48
209.91 225.33 -60.48
213.2 224.06 -60.48
216.35 222.57 -60.48
219.37 220.89 -60.48
222.25 219.08 -60.48
225.26 217.05 -60.48
228.03 214.75 -60.48
229.94 212.16 -60.48
231.3 209.04 -60.48
232.24 205.54 -60.48
232.37 202.1 -60.48
231.91 198.66 -60.48
231.54 195.2 -60.48
231.6 191.74 -60.48
231.81 188.27 -60.48
232.1 184.84 -60.48
232.8 181.45 -60.48
233.73 178.07 -60.48
234.45 174.69 -60.48
234.73 171.24 -60.48
234.92 167.74 -60.48
235.04 164.26 -60.48
234.99 160.92 -60.48
233.74 157.72 -60.48
231.93 154.6 -60.48
230.45 151.4 -60.48
228.97 148.15 -60.48
227.23 145.26 -60.48
224.91 142.97 -60.48
221.97 141.01 -60.48
218.93 139.13 -60.48
216.1 137.02 -60.48
213.28 134.8 -60.48
210.35 133.04 -60.48
207.15 132.1 -60.48
203.62 131.42 -60.48
200.22 131.12 -60.48
197.2 131.87 -60.48
194.36 133.91 -60.48
191.59 136.47 -60.48
188.78 138.8 -60.48
185.64 140.63 -60.48
182.73 142.53 -60.48
180.97 145.06 -60.48
179.83 148.43 -60.48
178.9 152.14 -60.48
177.85 155.62 -60.48
176.34 158.33 -60.48
173.64 160.14 -60.48
170.3 161.76 -60.48
167.48 163.84 -60.48
165.3 166.47 -60.48
163.36 169.54 -60.48
162.03 172.83 -60.48
161.88 176.1 -60.48
162.47 179.43 -60.48
163.41 182.81 -60.48
164.44 186.23 -60.48
165.27 189.65 -60.48
165.74 193.08 -60.48
166.14 196.53 -60.48
166.74 199.92 -60.48
167.63 203.28 -60.48
168.73 206.59 -60.48
169.93 209.82 -60.48
171.26 213.12 -60.48
172.81 216.33 -60.48
174.61 219.2 -60.48
176.83 221.67 -60.48
179.64 224.01 -60.48
182.74 225.75 -60.48
185.9 226.63 -60.48
189.29 227.27 -60.48
192.82 227.74 -60.48
196.33 227.95 -60.48
199.74 227.82 -60.48
201.69 222.38 -69.12
204.58 222.5 -69.12
207.52 222.28 -69.12
207.52 222.28 -69.12
210.42 221.77 -69.12
212.95 221.03 -69.12
215.3 219.48 -69.12
217.46 217.3 -69.12
219.35 214.89 -69.12
220.89 212.53 -69.12
222.13 209.94 -69.12
223.25 207.23 -69.12
224.36 204.57 -69.12
225.45 201.91 -69.12
226.52 199.23 -69.12
227.55 196.53 -69.12
228.52 193.82 -69.12
229.42 191.1 -69.12
230.28 188.35 -69.12
231.21 185.58 -69.12
232.12 182.79 -69.12
232.84 179.99 -69.12
233.22 177.19 -69.12
233.17 174.33 -69.12
232.84 171.34 -69.12
232.28 168.34 -69.12
231.53 165.48 -69.12
230.66 162.92 -69.12
229.39 160.79 -69.12
227.11 158.99 -69.12
224.52 157.25 -69.12
222.38 155.28 -69.12
220.54 153.09 -69.12
218.79 150.79 -69.12
217.04 148.48 -69.12
215.22 146.21 -69.12
213.42 143.7 -69.12
211.44 141.77 -69.12
208.93 140.82 -69.12
205.88 140.05 -69.12
202.8 139.52 -69.12
200.24 139.3 -69.12
198.42 140.35 -69.12
196.95 143.08 -69.12
195.51 146.26 -69.12
193.78 148.67 -69.12
191.42 150.07 -69.12
188.57 151.17 -69.12
185.61 152.19 -69.12
182.9 153.34 -69.12
180.84 154.86 -69.12
179.4 157.2 -69.12
178.2 160 -69.12
176.89 162.62 -69.12
175.42 165.23 -69.12
174.11 167.87 -69.12
173.31 170.57 -69.12
173.22 173.35 -69.12
173.28 176.24 -69.12
173.37 179.14 -69.12
173.57 182 -69.12
173.92 184.86 -69.12
174.33 187.71 -69.12
174.75 190.56 -69.12
175.2 193.42 -69.12
175.75 196.24 -69.12
176.51 198.98 -69.12
177.66 201.62 -69.12
178.9 204.24 -69.12
180.05 206.88 -69.12
181.2 209.51 -69.12
182.35 212.15 -69.12
183.51 214.78 -69.12
183.51 214.78 -69.12
185.72 216.87 -69.12
188.05 218.69 -69.12
190.51 220.04 -69.12
193.1 220.84 -69.12
195.87 221.5 -69.12
198.77 222.03 -69.12
202.41 213.02 -77.76
204.19 213.08 -77.76
204.19 213.08 -77.76
206.13 212.66 -77.76
207.97 212.11 -77.76
209.67 211.43 -77.76
211.22 210.64 -77.76
212.57 209.77 -77.76
213.71 208.82 -77.76
214.61 207.81 -77.76
215.29 206.72 -77.76
215.92 205.38 -77.76
216.49 203.83 -77.76
216.99 202.15 -77.76
217.39 200.4 -77.76
217.65 198.65 -77.76
217.74 196.97 -77.76
217.74 195.34 -77.76
217.71 193.64 -77.76
217.66 191.92 -77.76
217.6 190.19 -77.76
217.52 188.47 -77.76
217.43 186.8 -77.76
217.32 185.2 -77.76
217.2 183.69 -77.76
217.07 182.29 -77.76
216.72 180.88 -77.76
216.07 179.41 -77.76
215.16 177.93 -77.76
214.03 176.46 -77.76
212.74 175.07 -77.76
211.32 173.78 -77.76
209.82 172.64 -77.76
208.28 171.69 -77.76
206.74 170.97 -77.76
205.26 170.54 -77.76
203.82 170.36 -77.76
202.23 170.24 -77.76
200.54 170.14 -77.76
198.81 170.06 -77.76
197.13 170.01 -77.76
195.57 170.01 -77.76
193.98 170.23 -77.76
192.31 170.72 -77.76
190.64 171.45 -77.76
189 172.36 -77.76
187.45 173.41 -77.76
186.06 174.55 -77.76
184.87 175.75 -77.76
183.94 176.95 -77.76
183.31 178.11 -77.76
182.81 179.4 -77.76
182.34 180.86 -77.76
181.91 182.46 -77.76
181.54 184.16 -77.76
181.22 185.91 -77.76
180.99 187.67 -77.76
180.84 189.39 -77.76
180.79 191.04 -77.76
180.86 192.68 -77.76
181.05 194.37 -77.76
181.35 196.07 -77.76
181.73 197.74 -77.76
182.18 199.37 -77.76
182.68 200.91 -77.76
183.22 202.33 -77.76
183.84 203.65 -77.76
184.73 204.96 -77.76
185.86 206.25 -77.76
187.15 207.47 -77.76
188.56 208.58 -77.76
190.01 209.52 -77.76
191.45 210.25 -77.76
192.85 210.79 -77.76
194.3 211.3 -77.76
195.81 211.78 -77.76
197.38 212.2 -77.76
199.01 212.56 -77.76
200.68 212.84 -77.76
202.41 213.02 -77.76
