207.36 247.68 0
210.08 246.41 0
212.74 244.76 0
215.3 242.82 0
217.7 240.7 0
219.9 238.5 0
221.87 236.3 0
223.84 233.9 0
225.71 231.3 0
227.33 228.55 0
228.53 225.73 0
229.2 222.87 0
229.69 219.84 0
230.08 216.72 0
230.3 213.63 0
230.28 210.65 0
229.79 207.61 0
228.88 204.51 0
227.61 201.44 0
226.07 198.49 0
224.36 195.75 0
222.54 193.29 0
220.71 191.21 0
218.6 189.51 0
215.95 188.05 0
213 186.73 0
210 185.44 0
207.18 184.06 0
204.48 182.58 0
201.76 181.12 0
199 179.82 0
196.16 178.67 0
193.26 177.48 0
190.3 176.45 0
187.32 175.8 0
184.3 175.68 0
181.13 175.75 0
177.99 175.88 0
175.12 176.07 0
172.53 176.95 0
170.11 178.78 0
167.8 181.16 0
165.57 183.7 0
163.37 186 0
161.04 188.12 0
158.62 190.28 0
156.3 192.52 0
154.28 194.86 0
152.74 197.34 0
151.77 200.04 0
151.03 203.09 0
150.81 206.17 0
150.92 209.25 0
151.17 212.37 0
151.54 215.46 0
152 218.49 0
152.54 221.4 0
153.6 224.19 0
155.18 226.9 0
156.95 229.52 0
158.65 232.09 0
160.42 234.7 0
162.33 237.2 0
164.38 239.45 0
166.61 241.31 0
169.08 243.02 0
171.75 244.62 0
174.56 246.08 0
177.46 247.35 0
180.39 248.39 0
183.29 249.19 0
186.26 249.86 0
189.3 250.39 0
192.4 250.74 0
192.4 250.74 0
195.61 250.53 0
195.61 250.53 0
198.72 250.06 0
201.72 249.38 0
204.6 248.57 0
205.31 245.53 -9.52
207.87 244.85 -9.52
210.24 243.58 -9.52
212.47 241.67 -9.52
214.57 239.48 -9.52
216.54 237.38 -9.52
218.49 235.26 -9.52
220.35 233.02 -9.52
222.01 230.68 -9.52
223.35 228.25 -9.52
224.61 225.69 -9.52
225.83 223.01 -9.52
226.87 220.26 -9.52
227.58 217.47 -9.52
227.83 214.7 -9.52
227.6 211.91 -9.52
227.07 209.08 -9.52
226.39 206.26 -9.52
225.71 203.49 -9.52
224.94 200.64 -9.52
224 197.89 -9.52
222.84 195.44 -9.52
221.14 193.29 -9.52
218.92 191.34 -9.52
216.52 189.62 -9.52
214.1 188.22 -9.52
211.48 187.06 -9.52
208.83 185.92 -9.52
206.34 184.54 -9.52
204.01 182.78 -9.52
201.67 181.14 -9.52
199.14 180.04 -9.52
196.41 179.12 -9.52
193.59 178.42 -9.52
190.75 178.12 -9.52
187.91 178.12 -9.52
185.04 178.12 -9.52
182.21 178.13 -9.52
179.43 178.54 -9.52
176.68 179.39 -9.52
173.96 180.48 -9.52
173.96 180.48 -9.52
171.56 182.08 -9.52
169.29 183.82 -9.52
167.15 185.68 -9.52
165.18 187.69 -9.52
163.38 189.92 -9.52
161.56 192.13 -9.52
159.34 194.15 -9.52
156.86 196.05 -9.52
155.13 198.11 -9.52
154.65 200.58 -9.52
154.37 203.45 -9.52
154.22 206.44 -9.52
154.23 209.32 -9.52
154.45 212.22 -9.52
154.83 215.11 -9.52
155.34 217.92 -9.52
155.94 220.57 -9.52
157.06 223.06 -9.52
158.73 225.44 -9.52
160.63 227.74 -9.52
162.42 230.01 -9.52
164.16 232.35 -9.52
165.96 234.7 -9.52
167.85 236.91 -9.52
169.86 238.86 -9.52
172.04 240.42 -9.52
174.49 241.74 -9.52
177.13 242.92 -9.52
179.89 243.94 -9.52
182.65 244.8 -9.52
185.39 245.57 -9.52
188.18 246.32 -9.52
191 246.87 -9.52
193.81 247.05 -9.52
193.81 247.05 -9.52
196.7 246.92 -9.52
199.63 246.6 -9.52
202.54 246.13 -9.52
205.58 248.53 -19.04
208.4 247.28 -19.04
211.11 245.71 -19.04
213.62 244.02 -19.04
215.89 242.28 -19.04
217.98 240.17 -19.04
219.94 237.81 -19.04
221.79 235.38 -19.04
223.65 233 -19.04
225.75 230.56 -19.04
227.7 228.04 -19.04
229.09 225.44 -19.04
229.5 222.73 -19.04
229.45 219.82 -19.04
229.33 216.78 -19.04
229.16 213.73 -19.04
228.92 210.77 -19.04
228.37 207.76 -19.04
227.52 204.79 -19.04
226.45 201.97 -19.04
225.24 199.43 -19.04
223.43 197.14 -19.04
221.15 195.03 -19.04
218.84 193.06 -19.04
216.52 191.19 -19.04
214.09 189.42 -19.04
211.59 187.77 -19.04
209.03 186.25 -19.04
206.39 184.85 -19.04
203.7 183.53 -19.04
200.98 182.27 -19.04
198.26 180.81 -19.04
195.49 179.46 -19.04
192.68 178.62 -19.04
189.79 178.52 -19.04
186.8 178.56 -19.04
183.77 178.64 -19.04
180.8 178.76 -19.04
177.88 179.31 -19.04
175 180.2 -19.04
172.08 180.97 -19.04
169.01 181.62 -19.04
165.99 182.32 -19.04
163.26 183.21 -19.04
160.97 184.56 -19.04
158.98 186.8 -19.04
157.29 189.57 -19.04
157.29 189.57 -19.04
155.71 192.38 -19.04
154.43 195.21 -19.04
153.45 198.07 -19.04
152.78 200.94 -19.04
152.42 203.83 -19.04
152.37 206.73 -19.04
152.69 209.71 -19.04
153.27 212.69 -19.04
153.97 215.59 -19.04
154.91 218.36 -19.04
156.23 221.07 -19.04
157.73 223.71 -19.04
159.23 226.31 -19.04
160.76 228.86 -19.04
162.4 231.38 -19.04
164.11 233.84 -19.04
165.88 236.24 -19.04
167.69 238.72 -19.04
169.54 241.28 -19.04
171.51 243.62 -19.04
173.66 245.45 -19.04
176.09 246.74 -19.04
178.85 247.94 -19.04
181.82 248.93 -19.04
184.85 249.59 -19.04
187.82 249.79 -19.04
190.8 249.76 -19.04
193.84 249.69 -19.04
193.84 249.69 -19.04
196.87 249.58 -19.04
199.85 249.44 -19.04
202.72 249.24 -19.04
205.55 249.64 -28.56
207.96 247.93 -28.56
210.3 245.75 -28.56
212.63 243.76 -28.56
215.06 242.06 -28.56
217.5 240.34 -28.56
219.83 238.55 -28.56
221.89 236.59 -28.56
223.82 234.4 -28.56
225.76 231.99 -28.56
227.41 229.43 -28.56
228.49 226.78 -28.56
228.89 224.06 -28.56
229.17 221.19 -28.56
229.39 218.23 -28.56
229.54 215.23 -28.56
229.62 212.27 -28.56
229.54 209.34 -28.56
229.1 206.31 -28.56
228.36 203.33 -28.56
227.43 200.54 -28.56
226.38 198.13 -28.56
224.74 195.98 -28.56
222.45 194 -28.56
219.84 192.22 -28.56
217.23 190.67 -28.56
214.64 189.38 -28.56
211.89 188.29 -28.56
209.15 187.31 -28.56
206.36 186.41 -28.56
203.57 185.52 -28.56
200.83 184.48 -28.56
198.13 183.22 -28.56
195.41 182.14 -28.56
192.61 181.61 -28.56
189.7 181.26 -28.56
186.76 181 -28.56
183.82 180.86 -28.56
180.95 180.96 -28.56
178.1 181.48 -28.56
175.27 182.34 -28.56
172.46 183.44 -28.56
172.46 183.44 -28.56
169.64 184.77 -28.56
167.02 186.3 -28.56
164.61 188.01 -28.56
162.44 189.87 -28.56
160.54 191.86 -28.56
158.63 194.09 -28.56
156.75 196.6 -28.56
155.23 199.29 -28.56
154.41 202.03 -28.56
154.37 204.8 -28.56
154.47 207.71 -28.56
154.65 210.7 -28.56
154.89 213.66 -28.56
155.19 216.54 -28.56
155.82 219.43 -28.56
156.74 222.3 -28.56
157.88 225.06 -28.56
159.14 227.62 -28.56
160.66 229.93 -28.56
162.65 232.06 -28.56
164.87 234.1 -28.56
167.08 236.15 -28.56
169.08 238.32 -28.56
170.97 240.7 -28.56
172.87 243.04 -28.56
174.9 245.07 -28.56
177.18 246.58 -28.56
179.77 247.97 -28.56
182.58 249.19 -28.56
185.47 250.02 -28.56
188.33 250.25 -28.56
191.26 250.25 -28.56
194.28 250.25 -28.56
197.3 250.25 -28.56
197.3 250.25 -28.56
200.23 250.25 -28.56
203 250.25 -28.56
204.56 249.36 -38.08
207.43 248.49 -38.08
210.22 247.55 -38.08
212.98 246.41 -38.08
215.68 244.92 -38.08
218.22 243.21 -38.08
220.51 241.36 -38.08
222.81 239.27 -38.08
224.99 236.94 -38.08
226.8 234.44 -38.08
227.99 231.83 -38.08
228.6 228.96 -38.08
229.08 225.9 -38.08
229.79 222.96 -38.08
230.95 220.09 -38.08
232.09 217.24 -38.08
232.67 214.35 -38.08
232.55 211.34 -38.08
232.2 208.29 -38.08
231.69 205.37 -38.08
230.69 202.55 -38.08
229.11 199.85 -38.08
227.33 197.41 -38.08
225.33 195.26 -38.08
222.97 193.32 -38.08
220.5 191.48 -38.08
218.07 189.67 -38.08
215.61 187.91 -38.08
213.1 186.21 -38.08
210.53 184.63 -38.08
207.91 183.13 -38.08
205.22 181.5 -38.08
202.47 180.08 -38.08
199.64 179.36 -38.08
196.69 179.28 -38.08
193.64 179.23 -38.08
190.6 179.21 -38.08
187.6 179.37 -38.08
184.59 179.78 -38.08
181.6 180.34 -38.08
178.64 180.99 -38.08
175.72 181.68 -38.08
172.79 182.6 -38.08
169.98 183.75 -38.08
167.41 185.12 -38.08
164.97 186.9 -38.08
162.68 188.98 -38.08
160.55 191.21 -38.08
158.54 193.46 -38.08
156.34 195.86 -38.08
154.39 198.42 -38.08
153.26 201.07 -38.08
153.21 203.84 -38.08
153.43 206.78 -38.08
153.82 209.83 -38.08
154.33 212.92 -38.08
154.92 215.97 -38.08
155.55 218.9 -38.08
156.39 221.78 -38.08
157.54 224.65 -38.08
158.91 227.43 -38.08
160.43 230.07 -38.08
162.04 232.48 -38.08
163.92 234.74 -38.08
166.07 236.88 -38.08
168.41 238.91 -38.08
170.85 240.83 -38.08
173.28 242.64 -38.08
175.72 244.45 -38.08
178.26 246.25 -38.08
180.89 247.79 -38.08
183.61 248.87 -38.08
186.43 249.64 -38.08
189.35 250.31 -38.08
192.38 250.78 -38.08
195.5 250.96 -38.08
195.5 250.96 -38.08
198.6 250.64 -38.08
198.6 250.64 -38.08
201.62 250.09 -38.08
203.73 246.5 -47.6
206.29 245.75 -47.6
208.69 244.51 -47.6
210.98 242.84 -47.6
213.22 241.05 -47.6
215.48 239.39 -47.6
217.82 237.75 -47.6
220.09 236.04 -47.6
222.11 234.19 -47.6
223.74 232.12 -47.6
225.16 229.74 -47.6
226.41 227.18 -47.6
227.46 224.56 -47.6
228.41 221.95 -47.6
229.34 219.27 -47.6
230.08 216.55 -47.6
230.46 213.83 -47.6
230.33 211.1 -47.6
229.79 208.32 -47.6
228.99 205.59 -47.6
228.09 203.02 -47.6
226.92 200.53 -47.6
225.36 198.11 -47.6
223.54 195.9 -47.6
221.6 194.06 -47.6
219.32 192.57 -47.6
216.79 191.26 -47.6
214.31 189.93 -47.6
211.91 188.49 -47.6
209.51 187.07 -47.6
207.04 185.83 -47.6
204.48 184.82 -47.6
201.84 183.92 -47.6
199.16 183.12 -47.6
196.47 182.42 -47.6
193.76 181.69 -47.6
191.03 181.07 -47.6
188.29 180.76 -47.6
185.53 180.87 -47.6
182.71 181.23 -47.6
179.94 181.78 -47.6
177.28 182.45 -47.6
174.78 183.31 -47.6
172.39 184.64 -47.6
170.09 186.34 -47.6
167.9 188.28 -47.6
167.9 188.28 -47.6
165.46 190.26 -47.6
163.24 192.35 -47.6
161.35 194.56 -47.6
159.89 196.87 -47.6
158.96 199.27 -47.6
158.58 201.78 -47.6
158.33 204.5 -47.6
158.14 207.34 -47.6
158.04 210.2 -47.6
158.05 212.98 -47.6
158.36 215.79 -47.6
158.93 218.61 -47.6
159.68 221.35 -47.6
160.54 223.92 -47.6
161.56 226.27 -47.6
163.09 228.48 -47.6
165 230.58 -47.6
167.1 232.6 -47.6
169.23 234.58 -47.6
171.22 236.56 -47.6
173.17 238.68 -47.6
175.16 240.82 -47.6
177.23 242.79 -47.6
179.41 244.39 -47.6
181.74 245.46 -47.6
184.29 246.34 -47.6
187.03 247.11 -47.6
189.85 247.69 -47.6
192.66 248 -47.6
195.41 247.98 -47.6
198.21 247.67 -47.6
198.21 247.67 -47.6
201.01 247.16 -47.6
203.24 243.16 -57.12
205.54 242.73 -57.12
207.75 241.83 -57.12
209.87 240.46 -57.12
211.9 238.92 -57.12
213.83 237.45 -57.12
215.73 235.86 -57.12
217.55 234.16 -57.12
219.26 232.37 -57.12
220.82 230.51 -57.12
222.33 228.56 -57.12
223.84 226.47 -57.12
224.98 224.28 -57.12
225.46 222.01 -57.12
225.7 219.61 -57.12
225.89 217.13 -57.12
226.01 214.62 -57.12
226.06 212.17 -57.12
225.85 209.75 -57.12
225.23 207.3 -57.12
224.33 204.92 -57.12
223.29 202.69 -57.12
222.17 200.66 -57.12
220.62 198.75 -57.12
218.78 196.98 -57.12
216.83 195.44 -57.12
214.83 194.13 -57.12
212.66 192.96 -57.12
210.4 191.91 -57.12
208.13 190.96 -57.12
205.85 190.07 -57.12
203.53 189.24 -57.12
201.19 188.5 -57.12
198.83 187.84 -57.12
196.46 187.14 -57.12
194.06 186.48 -57.12
191.66 186.02 -57.12
189.24 185.91 -57.12
186.81 186.07 -57.12
184.36 186.4 -57.12
181.93 186.81 -57.12
179.52 187.24 -57.12
177.14 187.78 -57.12
174.77 188.45 -57.12
172.43 189.19 -57.12
172.43 189.19 -57.12
170.29 190.69 -57.12
168.38 192.36 -57.12
166.72 194.16 -57.12
165.37 196.07 -57.12
164.22 198.15 -57.12
163.15 200.46 -57.12
162.44 202.86 -57.12
162.32 205.26 -57.12
162.44 207.71 -57.12
162.64 210.19 -57.12
162.92 212.63 -57.12
163.31 215 -57.12
164.02 217.34 -57.12
164.97 219.64 -57.12
166.06 221.9 -57.12
167.17 224.09 -57.12
168.32 226.24 -57.12
169.61 228.38 -57.12
171.03 230.42 -57.12
172.56 232.32 -57.12
174.22 234.02 -57.12
176.09 235.6 -57.12
178.1 237.07 -57.12
180.17 238.45 -57.12
182.23 239.81 -57.12
184.33 241.34 -57.12
186.47 242.79 -57.12
188.67 243.86 -57.12
190.93 244.24 -57.12
193.3 244.18 -57.12
195.78 244.04 -57.12
198.3 243.81 -57.12
198.3 243.81 -57.12
200.81 243.52 -57.12
202.9 241.64 -66.64
205.08 241.08 -66.64
207.23 240.38 -66.64
209.3 239.6 -66.64
211.27 238.78 -66.64
213.14 237.85 -66.64
214.98 236.64 -66.64
216.74 235.22 -66.64
218.39 233.66 -66.64
219.89 232.05 -66.64
221.29 230.41 -66.64
222.73 228.61 -66.64
223.99 226.69 -66.64
224.82 224.7 -66.64
225.11 222.67 -66.64
225.29 220.52 -66.64
225.44 218.28 -66.64
225.56 216.01 -66.64
225.64 213.76 -66.64
225.69 211.59 -66.64
225.66 209.54 -66.64
225.09 207.51 -66.64
224 205.5 -66.64
222.59 203.6 -66.64
221.07 201.85 -66.64
219.61 200.33 -66.64
218.02 198.88 -66.64
216.22 197.51 -66.64
214.29 196.28 -66.64
212.29 195.27 -66.64
210.29 194.55 -66.64
208.23 194.03 -66.64
206.07 193.61 -66.64
203.88 193.25 -66.64
201.68 192.91 -66.64
199.51 192.58 -66.64
197.34 192.2 -66.64
195.17 191.85 -66.64
193 191.56 -66.64
190.83 191.39 -66.64
188.66 191.39 -66.64
186.5 191.61 -66.64
184.34 192.01 -66.64
182.18 192.54 -66.64
182.18 192.54 -66.64
179.89 193.41 -66.64
177.79 194.46 -66.64
175.89 195.67 -66.64
174.25 197.01 -66.64
172.92 198.46 -66.64
171.76 200.11 -66.64
170.65 202.05 -66.64
169.69 204.18 -66.64
169.02 206.38 -66.64
168.77 208.53 -66.64
168.84 210.67 -66.64
169.05 212.86 -66.64
169.36 215.07 -66.64
169.73 217.26 -66.64
170.14 219.39 -66.64
170.65 221.51 -66.64
171.35 223.64 -66.64
172.21 225.73 -66.64
173.2 227.73 -66.64
174.26 229.58 -66.64
175.43 231.29 -66.64
176.81 233.01 -66.64
178.38 234.71 -66.64
180.1 236.3 -66.64
181.92 237.71 -66.64
183.79 238.88 -66.64
185.69 239.74 -66.64
187.63 240.36 -66.64
189.73 240.93 -66.64
191.92 241.44 -66.64
194.15 241.83 -66.64
196.38 242.09 -66.64
198.55 242.18 -66.64
200.71 242.02 -66.64
200.71 242.02 -66.64
200.66 235.64 -76.16
202.23 235.31 -76.16
203.78 234.93 -76.16
205.31 234.53 -76.16
206.79 234.11 -76.16
208.33 233.64 -76.16
209.99 233.05 -76.16
211.62 232.34 -76.16
213.08 231.54 -76.16
214.24 230.65 -76.16
214.95 229.69 -76.16
215.47 228.5 -76.16
215.93 227.06 -76.16
216.33 225.46 -76.16
216.65 223.77 -76.16
216.87 222.06 -76.16
216.97 220.42 -76.16
216.96 218.86 -76.16
216.87 217.28 -76.16
216.72 215.7 -76.16
216.52 214.14 -76.16
216.3 212.61 -76.16
215.99 211.08 -76.16
215.49 209.51 -76.16
214.86 207.97 -76.16
214.12 206.51 -76.16
213.32 205.22 -76.16
212.47 204.13 -76.16
211.48 203.09 -76.16
210.32 202.03 -76.16
209.03 201 -76.16
207.62 200.03 -76.16
206.14 199.15 -76.16
204.61 198.39 -76.16
203.06 197.79 -76.16
201.52 197.37 -76.16
200.01 197.17 -76.16
198.53 197.19 -76.16
196.96 197.32 -76.16
195.34 197.54 -76.16
193.71 197.84 -76.16
192.1 198.21 -76.16
190.55 198.64 -76.16
189.11 199.11 -76.16
187.81 199.62 -76.16
186.63 200.4 -76.16
185.53 201.51 -76.16
184.48 202.8 -76.16
183.49 204.16 -76.16
182.52 205.47 -76.16
181.58 206.71 -76.16
180.67 207.98 -76.16
179.8 209.28 -76.16
178.96 210.62 -76.16
178.17 211.98 -76.16
178.17 211.98 -76.16
178.32 213.58 -76.16
178.54 215.16 -76.16
178.84 216.72 -76.16
179.19 218.25 -76.16
179.57 219.74 -76.16
179.99 221.21 -76.16
180.46 222.68 -76.16
181.03 224.23 -76.16
181.69 225.79 -76.16
182.42 227.34 -76.16
183.24 228.83 -76.16
184.12 230.22 -76.16
185.06 231.47 -76.16
186.05 232.54 -76.16
187.09 233.38 -76.16
188.28 234.1 -76.16
189.69 234.8 -76.16
191.24 235.41 -76.16
192.86 235.89 -76.16
194.46 236.16 -76.16
195.99 236.2 -76.16
197.53 236.1 -76.16
199.09 235.91 -76.16
200.66 235.64 -76.16
