197.58 242.68 0
201.29 242.35 0
204.98 241.47 0
208.57 240.21 0
212.04 238.68 0
215.41 236.94 0
218.68 235.01 0
221.69 232.7 0
224.45 230.09 0
226.92 227.21 0
229.06 224.07 0
230.7 220.65 0
231.82 217.02 0
232.65 213.32 0
233.33 209.59 0
233.92 205.84 0
234.49 202.09 0
235.04 198.33 0
235.55 194.57 0
236.01 190.8 0
236.45 187.03 0
236.87 183.26 0
237.34 179.49 0
237.82 175.73 0
238.16 171.95 0
238.18 168.15 0
237.67 164.39 0
236.72 160.72 0
235.23 157.22 0
232.96 154.18 0
230.22 151.55 0
227.18 149.29 0
223.86 147.44 0
220.32 146.07 0
216.7 144.92 0
213.03 143.97 0
209.31 143.24 0
205.54 142.78 0
201.74 142.68 0
197.95 142.78 0
194.16 143 0
190.38 143.31 0
186.6 143.72 0
182.84 144.23 0
179.1 144.84 0
175.41 145.76 0
171.9 147.2 0
168.61 149.08 0
165.61 151.41 0
163.25 154.38 0
162.35 158.07 0
161.96 161.84 0
161.69 165.63 0
161.46 169.42 0
161.22 173.21 0
160.93 176.99 0
160.67 180.78 0
160.42 184.57 0
160.14 188.35 0
159.81 192.13 0
159.32 195.9 0
158.69 199.64 0
158.04 203.38 0
157.54 207.14 0
157.36 210.93 0
157.79 214.7 0
158.83 218.35 0
160.29 221.86 0
162.04 225.22 0
164.09 228.42 0
166.51 231.34 0
169.24 233.98 0
172.21 236.35 0
175.41 238.38 0
178.85 239.99 0
182.51 241 0
186.25 241.67 0
190.01 242.19 0
193.79 242.54 0
197.58 242.68 0
197.65 242.75 -8.64
201.3 242.32 -8.64
204.9 241.55 -8.64
208.43 240.51 -8.64
211.88 239.26 -8.64
215.26 237.82 -8.64
218.44 235.96 -8.64
221.32 233.68 -8.64
223.95 231.1 -8.64
226.28 228.26 -8.64
228.26 225.16 -8.64
229.7 221.78 -8.64
230.59 218.21 -8.64
231.19 214.58 -8.64
231.68 210.94 -8.64
232.15 207.29 -8.64
232.7 203.65 -8.64
233.43 200.05 -8.64
234.32 196.48 -8.64
235.22 192.92 -8.64
235.96 189.31 -8.64
236.36 185.66 -8.64
236.41 181.98 -8.64
236.42 178.3 -8.64
236.43 174.63 -8.64
236.44 170.95 -8.64
236.44 167.27 -8.64
236.45 163.6 -8.64
236.38 159.92 -8.64
234.36 156.84 -8.64
231.37 154.71 -8.64
228.09 153.03 -8.64
224.67 151.7 -8.64
221.17 150.57 -8.64
217.62 149.58 -8.64
214.04 148.76 -8.64
210.41 148.15 -8.64
206.75 147.8 -8.64
203.08 147.78 -8.64
199.41 148.06 -8.64
195.77 148.57 -8.64
192.16 149.26 -8.64
188.57 150.08 -8.64
185.01 150.99 -8.64
181.46 151.97 -8.64
177.93 152.98 -8.64
174.44 154.13 -8.64
171.03 155.51 -8.64
167.8 157.27 -8.64
165.11 159.78 -8.64
163.42 163.05 -8.64
162.15 166.5 -8.64
161.21 170.06 -8.64
160.67 173.69 -8.64
161.24 177.33 -8.64
163.11 180.49 -8.64
162.93 184.16 -8.64
161.91 187.69 -8.64
160.15 190.92 -8.64
158.7 194.3 -8.64
157.82 197.87 -8.64
157.08 201.47 -8.64
156.59 205.12 -8.64
156.49 208.79 -8.64
156.96 212.44 -8.64
157.9 216 -8.64
159.18 219.44 -8.64
160.73 222.78 -8.64
162.52 225.99 -8.64
164.61 229.02 -8.64
167.18 231.65 -8.64
170.05 233.95 -8.64
173.12 235.97 -8.64
176.36 237.71 -8.64
179.73 239.17 -8.64
183.22 240.34 -8.64
186.75 241.38 -8.64
190.33 242.21 -8.64
193.97 242.72 -8.64
197.65 242.75 -8.64
196.66 241.31 -17.28
199.88 240.41 -17.28
199.88 240.41 -17.28
203.09 239.44 -17.28
206.22 238.25 -17.28
209.23 236.78 -17.28
212.17 235.19 -17.28
215.14 233.65 -17.28
218.2 232.3 -17.28
221.24 230.88 -17.28
224 229 -17.28
225.81 226.18 -17.28
227.03 223.07 -17.28
227.98 219.86 -17.28
228.8 216.61 -17.28
229.61 213.36 -17.28
230.41 210.11 -17.28
231.1 206.84 -17.28
231.58 203.53 -17.28
231.73 200.18 -17.28
231.73 196.84 -17.28
231.74 193.49 -17.28
231.95 190.15 -17.28
232.92 186.95 -17.28
233.64 183.68 -17.28
233.98 180.35 -17.28
234.26 177.02 -17.28
234.49 173.68 -17.28
234.67 170.33 -17.28
234.77 166.99 -17.28
234.12 163.71 -17.28
232.01 161.11 -17.28
229.36 159.06 -17.28
226.47 157.37 -17.28
223.44 155.97 -17.28
220.28 154.86 -17.28
217.06 153.94 -17.28
213.8 153.16 -17.28
210.51 152.56 -17.28
207.19 152.18 -17.28
203.84 152.26 -17.28
200.69 153.39 -17.28
197.87 155.18 -17.28
195.29 157.32 -17.28
192.88 159.64 -17.28
190.52 162.02 -17.28
188.22 164.45 -17.28
186.26 167.16 -17.28
184.44 169.97 -17.28
182.47 172.68 -17.28
180.07 175.01 -17.28
177.2 176.73 -17.28
174.16 178.14 -17.28
171.13 179.56 -17.28
168.26 181.28 -17.28
165.88 183.63 -17.28
163.86 186.3 -17.28
162.06 189.12 -17.28
160.5 192.08 -17.28
159.24 195.18 -17.28
158.39 198.42 -17.28
158.11 201.75 -17.28
158.28 205.1 -17.28
158.67 208.42 -17.28
159.21 211.72 -17.28
159.87 215 -17.28
160.66 218.26 -17.28
161.85 221.39 -17.28
163.38 224.36 -17.28
165.18 227.18 -17.28
167.22 229.84 -17.28
169.52 232.26 -17.28
172.11 234.39 -17.28
174.86 236.29 -17.28
177.73 238.01 -17.28
180.68 239.59 -17.28
183.64 241.16 -17.28
186.74 242.42 -17.28
190.08 242.53 -17.28
193.4 242.05 -17.28
195.09 237.73 -25.92
198.04 237.51 -25.92
200.98 237.21 -25.92
200.98 237.21 -25.92
203.83 236.63 -25.92
206.62 235.64 -25.92
209.28 234.36 -25.92
211.82 232.86 -25.92
214.22 231.13 -25.92
216.3 229.03 -25.92
218.08 226.67 -25.92
219.65 224.17 -25.92
221.1 221.59 -25.92
222.49 218.98 -25.92
223.88 216.37 -25.92
225.23 213.74 -25.92
226.5 211.07 -25.92
227.69 208.37 -25.92
228.8 205.63 -25.92
229.83 202.86 -25.92
230.89 200.1 -25.92
231.96 197.35 -25.92
232.93 194.56 -25.92
233.65 191.69 -25.92
233.95 188.75 -25.92
233.96 185.79 -25.92
233.96 182.84 -25.92
233.96 179.88 -25.92
233.96 176.93 -25.92
233.96 173.97 -25.92
233.96 171.02 -25.92
233.36 168.12 -25.92
231.38 165.93 -25.92
228.94 164.27 -25.92
226.27 162.99 -25.92
223.41 162.24 -25.92
220.46 162.09 -25.92
217.51 162.11 -25.92
214.55 162.16 -25.92
211.6 162.22 -25.92
208.64 162.31 -25.92
205.69 162.49 -25.92
203.06 163.83 -25.92
200.93 165.88 -25.92
198.99 168.11 -25.92
196.94 170.23 -25.92
194.52 171.94 -25.92
191.88 173.27 -25.92
189.16 174.42 -25.92
186.42 175.52 -25.92
183.7 176.68 -25.92
181.05 177.98 -25.92
178.43 179.35 -25.92
175.82 180.74 -25.92
173.28 182.25 -25.92
170.89 183.99 -25.92
168.84 186.12 -25.92
167.21 188.59 -25.92
165.78 191.17 -25.92
164.56 193.86 -25.92
163.57 196.65 -25.92
162.89 199.53 -25.92
162.62 202.47 -25.92
162.77 205.42 -25.92
163.21 208.34 -25.92
163.84 211.23 -25.92
164.61 214.08 -25.92
165.5 216.9 -25.92
166.65 219.62 -25.92
168.19 222.15 -25.92
169.99 224.49 -25.92
171.94 226.71 -25.92
174.01 228.82 -25.92
176.22 230.79 -25.92
178.58 232.56 -25.92
181.09 234.12 -25.92
183.71 235.49 -25.92
186.37 236.77 -25.92
189.18 237.68 -25.92
192.14 237.85 -25.92
194.52 234.23 -34.56
197.11 233.95 -34.56
199.69 233.62 -34.56
199.69 233.62 -34.56
202.19 233.08 -34.56
204.65 232.23 -34.56
207.02 231.17 -34.56
209.32 229.95 -34.56
211.54 228.6 -34.56
213.64 227.06 -34.56
215.59 225.33 -34.56
217.39 223.46 -34.56
219.06 221.47 -34.56
220.59 219.36 -34.56
221.96 217.15 -34.56
223.13 214.83 -34.56
224.14 212.43 -34.56
225.03 209.99 -34.56
225.85 207.52 -34.56
226.63 205.04 -34.56
227.43 202.56 -34.56
228.3 200.11 -34.56
229.13 197.65 -34.56
229.82 195.14 -34.56
230.25 192.57 -34.56
230.3 189.97 -34.56
230.15 187.37 -34.56
229.89 184.79 -34.56
229.53 182.21 -34.56
229.04 179.66 -34.56
228.3 177.16 -34.56
226.56 175.23 -34.56
224.11 174.38 -34.56
221.57 173.82 -34.56
219 173.42 -34.56
216.4 173.2 -34.56
213.8 173.19 -34.56
211.21 173.34 -34.56
208.62 173.59 -34.56
206.04 173.91 -34.56
203.46 174.26 -34.56
200.88 174.6 -34.56
198.31 174.97 -34.56
195.74 175.4 -34.56
193.18 175.88 -34.56
190.63 176.39 -34.56
188.09 176.94 -34.56
185.55 177.49 -34.56
183.01 178.05 -34.56
180.49 178.71 -34.56
178.03 179.53 -34.56
175.69 180.69 -34.56
173.7 182.36 -34.56
172.02 184.34 -34.56
170.59 186.51 -34.56
169.36 188.81 -34.56
168.3 191.18 -34.56
167.31 193.59 -34.56
166.41 196.03 -34.56
165.65 198.51 -34.56
165.07 201.05 -34.56
164.74 203.63 -34.56
164.71 206.23 -34.56
164.86 208.83 -34.56
165.12 211.42 -34.56
165.49 213.99 -34.56
165.97 216.55 -34.56
166.6 219.07 -34.56
167.73 221.41 -34.56
169.31 223.48 -34.56
171.14 225.33 -34.56
173.13 227 -34.56
175.2 228.58 -34.56
177.32 230.09 -34.56
179.52 231.48 -34.56
181.81 232.7 -34.56
184.22 233.69 -34.56
186.74 234.34 -34.56
189.33 234.52 -34.56
191.93 234.43 -34.56
193.17 230.73 -43.2
195.11 230.84 -43.2
197.03 230.51 -43.2
197.03 230.51 -43.2
198.9 229.89 -43.2
200.71 229.17 -43.2
202.51 228.42 -43.2
204.23 227.49 -43.2
205.84 226.4 -43.2
207.38 225.21 -43.2
208.63 223.71 -43.2
209.63 222.04 -43.2
210.52 220.31 -43.2
211.41 218.58 -43.2
212.24 216.81 -43.2
212.9 214.98 -43.2
213.46 213.11 -43.2
214.04 211.25 -43.2
214.56 209.37 -43.2
214.91 207.45 -43.2
215.22 205.53 -43.2
215.58 203.61 -43.2
215.99 201.71 -43.2
216.38 199.8 -43.2
216.65 197.87 -43.2
216.93 195.94 -43.2
217.25 194.02 -43.2
217.46 192.08 -43.2
217.49 190.14 -43.2
217.09 188.23 -43.2
216.37 186.42 -43.2
215.09 184.95 -43.2
213.43 183.92 -43.2
211.62 183.2 -43.2
209.76 182.64 -43.2
207.88 182.13 -43.2
205.99 181.65 -43.2
204.1 181.17 -43.2
202.22 180.67 -43.2
200.31 180.26 -43.2
198.38 179.99 -43.2
196.44 179.88 -43.2
194.49 179.93 -43.2
192.56 180.17 -43.2
190.65 180.59 -43.2
188.76 181.04 -43.2
186.84 181.38 -43.2
184.94 181.81 -43.2
183.15 182.58 -43.2
181.52 183.66 -43.2
179.92 184.77 -43.2
178.33 185.89 -43.2
176.95 187.26 -43.2
175.94 188.93 -43.2
175.24 190.75 -43.2
174.73 192.63 -43.2
174.36 194.54 -43.2
174.09 196.47 -43.2
173.84 198.4 -43.2
173.6 200.34 -43.2
173.4 202.28 -43.2
173.28 204.22 -43.2
173.25 206.17 -43.2
173.31 208.12 -43.2
173.53 210.05 -43.2
173.9 211.97 -43.2
174.34 213.86 -43.2
174.92 215.73 -43.2
175.58 217.56 -43.2
176.22 219.4 -43.2
176.95 221.2 -43.2
177.97 222.87 -43.2
179.29 224.29 -43.2
180.83 225.5 -43.2
182.39 226.67 -43.2
184 227.75 -43.2
185.65 228.79 -43.2
187.46 229.53 -43.2
189.34 230.01 -43.2
191.23 230.5 -43.2
193.66 226.74 -51.84
195.39 226.56 -51.84
196.89 226.45 -51.84
198.32 225.96 -51.84
199.71 225.36 -51.84
201.07 224.71 -51.84
202.44 224.09 -51.84
203.79 223.41 -51.84
205.06 222.58 -51.84
206.27 221.68 -51.84
207.34 220.62 -51.84
208.26 219.42 -51.84
209.07 218.15 -51.84
209.7 216.77 -51.84
209.99 215.29 -51.84
210.07 213.78 -51.84
210.08 212.27 -51.84
210.08 210.76 -51.84
210.05 209.26 -51.84
209.97 207.75 -51.84
209.81 206.25 -51.84
209.56 204.76 -51.84
209.25 203.28 -51.84
208.92 201.81 -51.84
208.57 200.34 -51.84
208.16 198.88 -51.84
207.69 197.45 -51.84
207.18 196.03 -51.84
206.67 194.61 -51.84
206.1 193.21 -51.84
205.44 191.85 -51.84
204.7 190.54 -51.84
203.76 189.35 -51.84
202.56 188.44 -51.84
201.19 187.79 -51.84
199.77 187.29 -51.84
198.33 186.85 -51.84
196.86 186.48 -51.84
195.38 186.2 -51.84
193.88 186.05 -51.84
192.37 186 -51.84
190.86 186.04 -51.84
189.36 186.21 -51.84
187.88 186.51 -51.84
186.42 186.91 -51.84
184.98 187.35 -51.84
183.57 187.89 -51.84
182.18 188.49 -51.84
180.85 189.21 -51.84
179.7 190.18 -51.84
178.84 191.42 -51.84
178.22 192.8 -51.84
177.77 194.24 -51.84
177.4 195.7 -51.84
177.12 197.19 -51.84
176.93 198.68 -51.84
176.83 200.19 -51.84
176.8 201.7 -51.84
176.8 203.21 -51.84
176.83 204.72 -51.84
176.91 206.23 -51.84
177.01 207.73 -51.84
177.1 209.24 -51.84
177.23 210.74 -51.84
177.48 212.23 -51.84
178.35 213.47 -51.84
179.16 214.75 -51.84
179.9 216.06 -51.84
180.56 217.42 -51.84
181.22 218.78 -51.84
182.02 220.05 -51.84
183.06 221.15 -51.84
184.23 222.1 -51.84
185.48 222.96 -51.84
186.76 223.75 -51.84
188.09 224.47 -51.84
189.44 225.14 -51.84
190.81 225.79 -51.84
192.27 226.17 -51.84
193.66 226.74 -51.84
