145.55 137.8 0
148.34 135.35 0
151.21 132.95 0
154.02 130.5 0
157.04 127.98 0
160.43 125.46 0
162.6 122.75 0
162.36 119.58 0
160.78 115.98 0
158.98 112.63 0
157.08 109.45 0
154.91 106.31 0
152.52 103.29 0
149.95 100.46 0
147.23 97.909 0
144.41 95.717 0
141.28 93.749 0
137.82 92.136 0
134.29 91.204 0
130.59 90.507 0
126.84 90.022 0
123.21 89.881 0
119.32 90.639 0
115.47 92.259 0
112.42 94.291 0
110.63 96.48 0
109.11 99.393 0
107.76 102.92 0
106.64 106.83 0
105.81 110.91 0
105.31 114.93 0
105.2 118.68 0
105.34 122.39 0
105.59 126.15 0
105.87 129.91 0
106.11 133.63 0
106.23 137.26 0
105.65 140.77 0
104.05 144.17 0
102.1 147.55 0
100.48 150.98 0
99.701 154.53 0
99.124 158.17 0
98.611 161.89 0
98.183 165.63 0
97.863 169.38 0
97.671 173.09 0
97.644 176.75 0
98.052 180.52 0
98.908 184.35 0
100.1 188.07 0
101.51 191.52 0
103.02 194.55 0
105.1 197.54 0
107.96 200.58 0
111.25 203.21 0
114.61 204.94 0
117.8 205.29 0
121.61 203.62 0
124.55 200.89 0
125.27 197.98 0
125.27 197.98 0
125.65 194.3 0
125.88 190.26 0
125.93 186.4 0
125.82 182.7 0
125.53 179 0
125.07 175.31 0
124.44 171.61 0
124.44 171.61 0
124.75 167.69 0
125.51 164.07 0
126.6 160.8 0
128.89 157.92 0
131.62 155.14 0
133.92 152.2 0
136.11 149.18 0
138.29 146.15 0
140.54 143.19 0
142.93 140.39 0
144.68 138.32 -8.64
147.3 135.96 -8.64
149.97 133.55 -8.64
153.17 131.15 -8.64
156.51 128.76 -8.64
159.56 126.38 -8.64
161.89 124.01 -8.64
163.07 121.63 -8.64
162.66 119.24 -8.64
160.72 116.81 -8.64
157.8 114.39 -8.64
154.45 112.01 -8.64
151.23 109.74 -8.64
148.49 107.46 -8.64
145.76 104.88 -8.64
142.97 102.29 -8.64
140.11 100.07 -8.64
137.15 98.565 -8.64
134.08 98.13 -8.64
130.72 98.379 -8.64
127.16 98.938 -8.64
123.58 99.734 -8.64
120.17 100.69 -8.64
117.12 101.76 -8.64
114.02 103.39 -8.64
110.93 105.64 -8.64
108.18 108.3 -8.64
106.11 111.16 -8.64
104.99 114.03 -8.64
104.39 117.22 -8.64
103.96 120.74 -8.64
103.57 124.38 -8.64
103.11 127.92 -8.64
102.45 131.34 -8.64
101.64 134.75 -8.64
100.8 138.15 -8.64
100.02 141.55 -8.64
99.422 144.97 -8.64
99.109 148.39 -8.64
99.126 151.83 -8.64
99.3 155.29 -8.64
99.556 158.76 -8.64
99.83 162.23 -8.64
100.06 165.71 -8.64
100.19 169.19 -8.64
100.26 172.75 -8.64
100.31 176.34 -8.64
100.37 179.82 -8.64
100.48 183.1 -8.64
101.35 186.13 -8.64
103.51 188.97 -8.64
106.1 191.71 -8.64
108.34 194.49 -8.64
110.51 197.43 -8.64
112.95 199.71 -8.64
115.83 201.13 -8.64
119.15 202.24 -8.64
122.85 202.77 -8.64
122.85 202.77 -8.64
126.06 200.24 -8.64
128.49 197.54 -8.64
128.49 197.54 -8.64
129.56 194.66 -8.64
129.18 191.56 -8.64
128.12 188.23 -8.64
126.88 184.76 -8.64
125.97 181.27 -8.64
125.82 177.84 -8.64
126.07 174.37 -8.64
126.54 170.88 -8.64
127.15 167.42 -8.64
127.85 164.06 -8.64
128.73 160.77 -8.64
130 157.49 -8.64
131.55 154.28 -8.64
133.3 151.2 -8.64
135.14 148.29 -8.64
137.14 145.6 -8.64
139.47 143.08 -8.64
142.03 140.68 -8.64
144.86 137.68 -17.28
146.95 135.05 -17.28
149.01 132.4 -17.28
150.93 129.67 -17.28
153.09 126.89 -17.28
155.26 124.06 -17.28
156.83 121.14 -17.28
157.29 118.05 -17.28
157.33 114.61 -17.28
157.35 111.23 -17.28
156.91 108.29 -17.28
155.05 105.49 -17.28
152.34 102.91 -17.28
149.46 100.69 -17.28
146.83 98.824 -17.28
143.95 96.944 -17.28
140.86 95.145 -17.28
137.65 93.572 -17.28
134.42 92.369 -17.28
131.26 91.679 -17.28
128.24 91.654 -17.28
125.1 92.392 -17.28
121.9 93.758 -17.28
118.76 95.592 -17.28
115.78 97.732 -17.28
113.1 100.02 -17.28
110.81 102.28 -17.28
108.83 104.74 -17.28
107.01 107.68 -17.28
105.54 110.87 -17.28
104.6 114.03 -17.28
103.95 117.23 -17.28
103.4 120.52 -17.28
102.96 123.88 -17.28
102.6 127.26 -17.28
102.31 130.63 -17.28
102.09 133.97 -17.28
101.88 137.31 -17.28
101.69 140.65 -17.28
101.54 144 -17.28
101.42 147.34 -17.28
101.35 150.69 -17.28
101.35 154.03 -17.28
101.44 157.38 -17.28
101.62 160.72 -17.28
101.86 164.07 -17.28
102.16 167.41 -17.28
102.48 170.73 -17.28
102.84 174.07 -17.28
103.31 177.49 -17.28
103.94 180.88 -17.28
104.74 184.08 -17.28
105.81 186.98 -17.28
107.74 189.8 -17.28
110.27 192.33 -17.28
112.95 194.23 -17.28
115.93 195.81 -17.28
119.23 197.05 -17.28
122.4 197.45 -17.28
125.37 196.36 -17.28
128.26 194.03 -17.28
128.26 194.03 -17.28
128.26 194.03 -17.28
128.26 190.65 -17.28
128.27 187.29 -17.28
128.27 183.94 -17.28
128.28 180.61 -17.28
128.29 177.3 -17.28
128.45 173.98 -17.28
128.99 170.66 -17.28
129.79 167.36 -17.28
130.76 164.11 -17.28
131.78 160.93 -17.28
132.85 157.84 -17.28
134.19 154.8 -17.28
135.74 151.81 -17.28
137.43 148.88 -17.28
139.22 145.99 -17.28
141.03 143.14 -17.28
142.86 140.36 -17.28
143.78 137.25 -25.92
145.76 134.7 -25.92
147.86 132.13 -25.92
150.3 129.57 -25.92
152.86 127.02 -25.92
155.31 124.46 -25.92
157.41 121.87 -25.92
158.93 119.25 -25.92
159.62 116.58 -25.92
159.2 113.79 -25.92
157.73 110.87 -25.92
155.7 107.98 -25.92
153.65 105.31 -25.92
151.67 102.73 -25.92
149.49 100.09 -25.92
147.12 97.604 -25.92
144.61 95.466 -25.92
141.97 93.884 -25.92
139.16 92.886 -25.92
135.98 92.006 -25.92
132.61 91.261 -25.92
129.26 90.718 -25.92
126.16 90.443 -25.92
123.37 90.781 -25.92
120.62 92.461 -25.92
118.05 95.009 -25.92
115.85 97.856 -25.92
114.2 100.49 -25.92
112.86 103.28 -25.92
111.71 106.32 -25.92
110.71 109.51 -25.92
109.8 112.73 -25.92
108.95 115.88 -25.92
108.11 119 -25.92
107.3 122.14 -25.92
106.57 125.31 -25.92
105.96 128.49 -25.92
105.52 131.68 -25.92
105.2 134.87 -25.92
104.9 138.09 -25.92
104.64 141.31 -25.92
104.42 144.55 -25.92
104.26 147.78 -25.92
104.18 151.02 -25.92
104.17 154.25 -25.92
104.17 157.53 -25.92
104.17 160.81 -25.92
104.17 164.07 -25.92
104.17 167.27 -25.92
104.18 170.37 -25.92
104.76 173.46 -25.92
106 176.51 -25.92
107.66 179.48 -25.92
109.53 182.31 -25.92
111.38 184.92 -25.92
113.41 187.76 -25.92
115.81 190.31 -25.92
118.49 191.31 -25.92
122.45 191.46 -25.92
126.21 191.54 -25.92
127.23 191.36 -25.92
127.23 191.36 -25.92
127.09 188.62 -25.92
126.44 184.14 -25.92
126.44 184.14 -25.92
126.84 180.93 -25.92
127.22 177.72 -25.92
127.57 174.51 -25.92
127.87 171.28 -25.92
128.09 167.98 -25.92
128.3 164.69 -25.92
128.57 161.48 -25.92
128.98 158.42 -25.92
130.05 155.56 -25.92
131.88 152.82 -25.92
133.98 150.15 -25.92
135.9 147.5 -25.92
137.8 144.9 -25.92
139.77 142.33 -25.92
141.77 139.79 -25.92
145.42 138.17 -34.56
147.14 135.81 -34.56
148.85 133.44 -34.56
150.56 131.08 -34.56
152.29 128.73 -34.56
154.03 126.39 -34.56
155.87 124.05 -34.56
158.2 121.69 -34.56
160.25 119.36 -34.56
161.07 117.17 -34.56
160.63 114.9 -34.56
159.48 112.44 -34.56
157.73 109.9 -34.56
155.5 107.38 -34.56
152.91 105 -34.56
150.08 102.85 -34.56
147.14 101.06 -34.56
144.19 99.715 -34.56
141.36 98.94 -34.56
138.7 98.81 -34.56
135.77 99.059 -34.56
132.71 99.527 -34.56
129.9 100.13 -34.56
127.44 101.08 -34.56
125.05 102.72 -34.56
122.79 104.84 -34.56
120.72 107.24 -34.56
118.87 109.71 -34.56
117.31 112.07 -34.56
115.81 114.49 -34.56
114.35 117.05 -34.56
112.97 119.74 -34.56
111.73 122.51 -34.56
110.7 125.34 -34.56
109.91 128.19 -34.56
109.44 131.03 -34.56
109.21 133.88 -34.56
109.04 136.81 -34.56
108.96 139.75 -34.56
108.96 142.67 -34.56
108.96 145.59 -34.56
108.96 148.5 -34.56
108.96 151.42 -34.56
108.96 154.34 -34.56
108.96 157.26 -34.56
108.95 160.21 -34.56
108.87 163.24 -34.56
108.77 166.26 -34.56
108.68 169.21 -34.56
108.61 172 -34.56
108.72 174.62 -34.56
109.54 177.43 -34.56
111.02 180.33 -34.56
113 183.14 -34.56
115.33 185.65 -34.56
117.86 187.69 -34.56
120.42 189.06 -34.56
122.93 189.61 -34.56
126.5 189.81 -34.56
128.52 189.86 -34.56
128.86 188.44 -34.56
129.07 185.2 -34.56
129.14 180.81 -34.56
129.14 180.81 -34.56
129.14 180.81 -34.56
129.19 177.8 -34.56
129.33 174.83 -34.56
129.55 171.91 -34.56
129.83 169.04 -34.56
130.15 166.23 -34.56
130.63 163.47 -34.56
131.49 160.75 -34.56
132.65 158.07 -34.56
134.04 155.43 -34.56
135.57 152.83 -34.56
137.17 150.27 -34.56
138.75 147.74 -34.56
140.27 145.27 -34.56
141.92 142.87 -34.56
143.66 140.51 -34.56
144 138.68 -43.2
145.55 136.93 -43.2
147.09 135.2 -43.2
148.68 133.5 -43.2
150.3 131.84 -43.2
151.93 130.18 -43.2
153.56 128.52 -43.2
155.23 126.9 -43.2
156.89 125.28 -43.2
158.49 123.59 -43.2
160.34 121.77 -43.2
162.04 119.91 -43.2
162.66 118.18 -43.2
162.05 116.45 -43.2
160.65 114.67 -43.2
158.68 112.94 -43.2
156.38 111.38 -43.2
153.97 110.1 -43.2
151.7 109.2 -43.2
149.61 108.66 -43.2
147.37 108.19 -43.2
145.02 107.79 -43.2
142.64 107.51 -43.2
140.28 107.36 -43.2
137.93 107.38 -43.2
135.5 107.55 -43.2
133.05 107.83 -43.2
130.72 108.21 -43.2
128.62 108.66 -43.2
126.8 109.3 -43.2
125.12 110.51 -43.2
123.56 112.19 -43.2
122.08 114.19 -43.2
120.67 116.36 -43.2
119.32 118.56 -43.2
117.98 120.64 -43.2
116.6 122.54 -43.2
115.11 124.47 -43.2
113.72 126.44 -43.2
112.67 128.48 -43.2
112.16 130.59 -43.2
111.87 132.82 -43.2
111.63 135.15 -43.2
111.45 137.52 -43.2
111.33 139.89 -43.2
111.28 142.21 -43.2
111.42 144.49 -43.2
111.82 146.77 -43.2
112.41 149.04 -43.2
113.14 151.29 -43.2
113.93 153.52 -43.2
114.72 155.72 -43.2
115.49 157.89 -43.2
116.34 160.07 -43.2
117.29 162.23 -43.2
118.32 164.34 -43.2
119.44 166.36 -43.2
120.66 168.32 -43.2
122.2 170.59 -43.2
123.9 172.77 -43.2
125.49 174.25 -43.2
126.72 174.47 -43.2
127.72 173.39 -43.2
128.61 171.38 -43.2
129.42 168.78 -43.2
130.22 165.94 -43.2
131.05 163.2 -43.2
131.97 160.9 -43.2
132.95 158.8 -43.2
133.96 156.71 -43.2
133.96 156.71 -43.2
135 154.63 -43.2
136.07 152.56 -43.2
136.07 152.56 -43.2
136.54 150.24 -43.2
137.21 148.04 -43.2
138.12 146.02 -43.2
139.35 144.1 -43.2
140.81 142.25 -43.2
142.39 140.45 -43.2
145.08 139.55 -51.84
146.61 137.64 -51.84
148.12 135.72 -51.84
149.55 133.76 -51.84
150.9 131.68 -51.84
152.26 129.61 -51.84
153.72 127.7 -51.84
155.41 126.14 -51.84
157.93 124.91 -51.84
160.69 123.85 -51.84
162.72 122.75 -51.84
163.11 121.44 -51.84
162.29 119.72 -51.84
160.72 117.76 -51.84
158.65 115.76 -51.84
156.3 113.96 -51.84
153.91 112.59 -51.84
151.71 111.85 -51.84
149.5 111.43 -51.84
147.11 111.07 -51.84
144.62 110.79 -51.84
142.11 110.6 -51.84
139.66 110.53 -51.84
137.2 110.65 -51.84
134.62 111.04 -51.84
132.07 111.64 -51.84
129.72 112.4 -51.84
127.72 113.25 -51.84
126.14 114.31 -51.84
124.73 115.97 -51.84
123.46 118.08 -51.84
122.31 120.48 -51.84
121.27 122.98 -51.84
120.32 125.41 -51.84
119.42 127.66 -51.84
118.47 129.92 -51.84
117.56 132.23 -51.84
116.82 134.57 -51.84
116.36 136.92 -51.84
116.27 139.28 -51.84
116.4 141.66 -51.84
116.63 144.07 -51.84
116.93 146.49 -51.84
117.26 148.9 -51.84
117.55 151.31 -51.84
117.83 153.71 -51.84
118.12 156.12 -51.84
118.42 158.52 -51.84
118.75 160.92 -51.84
119.12 163.3 -51.84
119.54 165.67 -51.84
120 168.09 -51.84
120.53 170.66 -51.84
121.14 173.19 -51.84
121.88 175.54 -51.84
122.78 177.53 -51.84
124.16 179.14 -51.84
126.73 180.71 -51.84
129.32 181.89 -51.84
130.57 182.29 -51.84
130.88 181.45 -51.84
131.08 179.48 -51.84
131.21 176.75 -51.84
131.33 173.62 -51.84
131.48 170.46 -51.84
131.71 167.61 -51.84
132.13 165.25 -51.84
132.84 162.95 -51.84
133.75 160.68 -51.84
134.75 158.44 -51.84
134.75 158.44 -51.84
135.47 156.1 -51.84
135.47 156.1 -51.84
136.29 153.8 -51.84
137.2 151.57 -51.84
138.21 149.42 -51.84
139.35 147.35 -51.84
140.65 145.35 -51.84
142.06 143.38 -51.84
143.55 141.46 -51.84
147.19 140.11 -60.48
148.73 138.47 -60.48
150.54 136.94 -60.48
152.57 135.51 -60.48
154.76 134.18 -60.48
157.06 132.94 -60.48
159.41 131.81 -60.48
161.74 130.79 -60.48
164.08 129.87 -60.48
166.98 129.13 -60.48
170.13 128.48 -60.48
173.01 127.86 -60.48
175.12 127.17 -60.48
175.94 126.33 -60.48
175.16 125.19 -60.48
173.17 123.78 -60.48
170.53 122.29 -60.48
167.77 120.91 -60.48
165.4 119.8 -60.48
163.14 118.74 -60.48
160.82 117.67 -60.48
158.46 116.66 -60.48
156.08 115.79 -60.48
153.67 115.13 -60.48
151.26 114.74 -60.48
148.85 114.69 -60.48
146.37 114.87 -60.48
143.86 115.2 -60.48
141.36 115.66 -60.48
138.92 116.22 -60.48
136.6 116.84 -60.48
134.31 117.83 -60.48
132.13 119.22 -60.48
130.28 120.77 -60.48
128.5 122.53 -60.48
126.72 124.54 -60.48
125.16 126.73 -60.48
124.06 129.01 -60.48
123.64 131.3 -60.48
123.73 133.64 -60.48
123.93 136.09 -60.48
124.19 138.6 -60.48
124.43 141.15 -60.48
124.58 143.68 -60.48
124.58 146.16 -60.48
124.48 148.64 -60.48
124.34 151.12 -60.48
124.19 153.61 -60.48
124.08 156.09 -60.48
124.04 158.57 -60.48
124.05 161.1 -60.48
124.06 163.66 -60.48
124.08 166.22 -60.48
124.11 168.74 -60.48
124.15 171.19 -60.48
124.19 173.53 -60.48
124.63 175.94 -60.48
126.08 178.65 -60.48
127.94 181.06 -60.48
129.61 182.54 -60.48
130.59 182.5 -60.48
131.3 180.93 -60.48
131.89 178.34 -60.48
132.45 175.22 -60.48
133.03 172.11 -60.48
133.7 169.49 -60.48
134.44 167.12 -60.48
135.22 164.75 -60.48
136.06 162.41 -60.48
136.97 160.11 -60.48
137.96 157.85 -60.48
139.04 155.62 -60.48
140.2 153.41 -60.48
141.44 151.24 -60.48
141.44 151.24 -60.48
142.29 148.71 -60.48
142.29 148.71 -60.48
143.31 146.3 -60.48
144.48 144.04 -60.48
145.78 141.96 -60.48
151.58 143.69 -69.12
152.88 142.5 -69.12
154.22 141.39 -69.12
155.63 140.42 -69.12
157.3 139.61 -69.12
159.26 138.9 -69.12
161.36 138.25 -69.12
163.48 137.65 -69.12
165.49 137.05 -69.12
167.25 136.42 -69.12
168.62 135.73 -69.12
169.48 134.95 -69.12
169.69 134.04 -69.12
169.02 132.79 -69.12
167.71 131.33 -69.12
166.15 129.96 -69.12
164.7 128.95 -69.12
163.24 128.13 -69.12
161.67 127.38 -69.12
160.02 126.7 -69.12
158.31 126.1 -69.12
156.59 125.58 -69.12
154.87 125.15 -69.12
153.18 124.79 -69.12
151.47 124.45 -69.12
149.73 124.14 -69.12
147.99 123.9 -69.12
146.24 123.76 -69.12
144.5 123.74 -69.12
142.7 123.75 -69.12
140.89 123.79 -69.12
139.1 123.84 -69.12
137.39 123.91 -69.12
135.79 123.99 -69.12
134.07 124.41 -69.12
132.24 125.29 -69.12
130.51 126.48 -69.12
129.12 127.85 -69.12
128.29 129.27 -69.12
128.15 130.66 -69.12
128.13 132.25 -69.12
128.12 134.02 -69.12
128.11 135.89 -69.12
128.11 137.77 -69.12
128.11 139.55 -69.12
128.25 141.27 -69.12
128.58 142.99 -69.12
129.03 144.69 -69.12
129.53 146.39 -69.12
130.01 148.08 -69.12
130.47 149.77 -69.12
130.99 151.44 -69.12
131.54 153.1 -69.12
132.06 154.77 -69.12
132.53 156.45 -69.12
132.9 158.19 -69.12
133.17 160.01 -69.12
133.43 161.84 -69.12
133.73 163.6 -69.12
134.14 165.18 -69.12
134.89 166.61 -69.12
136.41 167.87 -69.12
137.36 167.5 -69.12
138.06 165.67 -69.12
138.61 163.67 -69.12
139.02 161.97 -69.12
139.33 160.22 -69.12
139.67 158.5 -69.12
140.15 156.88 -69.12
140.86 155.33 -69.12
141.77 153.84 -69.12
142.84 152.4 -69.12
144.04 151.03 -69.12
144.04 151.03 -69.12
145.26 149.78 -69.12
146.5 148.54 -69.12
146.5 148.54 -69.12
147.75 147.32 -69.12
149.02 146.12 -69.12
150.3 144.92 -69.12
154.87 146.12 -77.76
155.97 145.24 -77.76
155.97 145.24 -77.76
157.19 144.57 -77.76
158.42 143.93 -77.76
159.67 143.35 -77.76
160.94 142.84 -77.76
162.24 142.39 -77.76
163.56 142 -77.76
164.9 141.63 -77.76
166.24 141.28 -77.76
167.58 140.92 -77.76
168.91 140.53 -77.76
170.22 140.09 -77.76
171.68 139.6 -77.76
173.33 139.07 -77.76
174.62 138.47 -77.76
175 137.81 -77.76
174.48 136.98 -77.76
173.42 136.02 -77.76
172.06 135.05 -77.76
170.66 134.17 -77.76
169.43 133.47 -77.76
168.22 132.83 -77.76
166.96 132.23 -77.76
165.67 131.68 -77.76
164.36 131.18 -77.76
163.03 130.75 -77.76
161.7 130.4 -77.76
160.37 130.12 -77.76
159.01 129.84 -77.76
157.65 129.59 -77.76
156.27 129.37 -77.76
154.89 129.2 -77.76
153.51 129.11 -77.76
152.12 129.09 -77.76
150.61 129.1 -77.76
149.02 129.13 -77.76
147.42 129.18 -77.76
145.92 129.25 -77.76
144.58 129.33 -77.76
143.49 129.43 -77.76
142.73 129.62 -77.76
142.19 130.55 -77.76
141.75 132.05 -77.76
141.32 133.71 -77.76
140.78 135.12 -77.76
139.91 136.3 -77.76
139.45 137.51 -77.76
139.5 138.83 -77.76
139.63 140.22 -77.76
139.79 141.63 -77.76
139.98 143.03 -77.76
140.17 144.39 -77.76
140.41 145.74 -77.76
140.7 147.1 -77.76
141.02 148.45 -77.76
141.37 149.79 -77.76
141.74 151.13 -77.76
142.12 152.46 -77.76
142.5 153.78 -77.76
142.92 155.26 -77.76
143.41 156.96 -77.76
143.92 158.65 -77.76
144.41 160.06 -77.76
144.85 160.94 -77.76
145.17 161 -77.76
145.4 159.88 -77.76
145.6 158.14 -77.76
145.89 156.51 -77.76
146.41 155.3 -77.76
147.21 154.15 -77.76
148.13 153.05 -77.76
149.03 151.99 -77.76
149.92 150.95 -77.76
150.84 149.93 -77.76
151.79 148.93 -77.76
152.78 147.96 -77.76
153.81 147.02 -77.76
154.87 146.12 -77.76
