183.3 200.44 0
185.69 199.17 0
188.1 197.69 0
190.32 196.04 0
192.15 194.25 0
193.37 192.34 0
194.11 190.22 0
194.74 187.78 0
195.25 185.15 0
195.65 182.44 0
195.96 179.79 0
196.19 177.23 0
196.4 174.66 0
196.59 172.07 0
196.72 169.5 0
196.8 166.95 0
196.76 164.42 0
196.39 161.86 0
195.73 159.28 0
194.86 156.75 0
193.84 154.32 0
192.75 152.04 0
191.61 149.93 0
190.11 147.8 0
188.32 145.74 0
186.31 143.89 0
184.21 142.37 0
182.08 141.28 0
179.77 140.33 0
177.28 139.47 0
174.69 138.77 0
172.09 138.33 0
169.56 138.2 0
167.04 138.4 0
164.48 138.86 0
161.93 139.51 0
159.41 140.31 0
156.95 141.2 0
154.59 142.13 0
152.34 143.17 0
150.14 144.52 0
148.03 146.11 0
146.05 147.81 0
144.18 149.54 0
142.19 151.38 0
140.21 153.35 0
138.48 155.43 0
137.24 157.59 0
136.69 159.84 0
136.42 162.27 0
136.2 164.85 0
136.03 167.52 0
135.92 170.17 0
135.87 172.73 0
136.12 175.18 0
136.93 177.6 0
138.09 179.98 0
139.41 182.31 0
140.67 184.61 0
141.84 186.92 0
143.1 189.26 0
144.46 191.52 0
145.95 193.56 0
147.61 195.3 0
149.5 196.97 0
151.61 198.56 0
153.86 200.03 0
156.22 201.31 0
158.61 202.33 0
161 203.04 0
163.43 203.61 0
165.94 204.11 0
168.53 204.46 0
171.18 204.6 0
171.18 204.6 0
171.18 204.6 0
173.77 204.05 0
176.28 203.34 0
178.71 202.48 0
181.05 201.5 0
185.63 202.59 -8.64
187.74 201.02 -8.64
189.76 199.06 -8.64
191.66 196.81 -8.64
193.39 194.37 -8.64
194.94 191.84 -8.64
196.25 189.34 -8.64
197.4 186.85 -8.64
198.49 184.22 -8.64
199.46 181.49 -8.64
200.24 178.72 -8.64
200.78 175.95 -8.64
201.1 173.17 -8.64
201.38 170.34 -8.64
201.61 167.48 -8.64
201.77 164.63 -8.64
201.85 161.84 -8.64
201.75 159.09 -8.64
201.18 156.34 -8.64
200.21 153.59 -8.64
198.97 150.91 -8.64
197.58 148.34 -8.64
196.18 145.92 -8.64
194.71 143.63 -8.64
192.94 141.38 -8.64
190.93 139.24 -8.64
188.78 137.27 -8.64
186.55 135.55 -8.64
184.25 134.03 -8.64
181.74 132.46 -8.64
179.08 131.02 -8.64
176.39 129.91 -8.64
173.75 129.33 -8.64
171.21 129.46 -8.64
168.66 130.3 -8.64
166.13 131.65 -8.64
163.63 133.34 -8.64
161.19 135.2 -8.64
158.85 137.02 -8.64
156.63 138.71 -8.64
154.46 140.51 -8.64
152.35 142.44 -8.64
150.33 144.48 -8.64
148.4 146.58 -8.64
146.59 148.73 -8.64
144.75 150.92 -8.64
142.78 153.19 -8.64
140.88 155.54 -8.64
139.23 157.96 -8.64
138.06 160.46 -8.64
137.55 163.02 -8.64
137.4 165.72 -8.64
137.28 168.56 -8.64
137.19 171.46 -8.64
137.15 174.34 -8.64
137.18 177.16 -8.64
137.49 180.02 -8.64
138.07 182.89 -8.64
138.83 185.67 -8.64
139.7 188.3 -8.64
140.73 190.74 -8.64
142.27 193.11 -8.64
144.2 195.36 -8.64
146.33 197.41 -8.64
148.49 199.18 -8.64
150.72 200.85 -8.64
153.13 202.56 -8.64
155.68 204.13 -8.64
158.33 205.43 -8.64
161.02 206.28 -8.64
163.71 206.55 -8.64
166.44 206.55 -8.64
169.25 206.55 -8.64
172.12 206.55 -8.64
175.04 206.55 -8.64
175.04 206.55 -8.64
175.04 206.55 -8.64
177.98 205.9 -8.64
180.76 204.98 -8.64
183.33 203.86 -8.64
186.6 202.87 -17.28
188.93 201.55 -17.28
191.23 200 -17.28
193.54 198.16 -17.28
195.73 196.09 -17.28
197.71 193.85 -17.28
199.34 191.52 -17.28
200.53 189.16 -17.28
201.48 186.64 -17.28
202.36 183.91 -17.28
203.09 181.07 -17.28
203.58 178.18 -17.28
203.75 175.35 -17.28
203.7 172.53 -17.28
203.56 169.68 -17.28
203.35 166.81 -17.28
203.07 163.95 -17.28
202.74 161.13 -17.28
202.37 158.38 -17.28
201.85 155.69 -17.28
200.94 152.99 -17.28
199.71 150.33 -17.28
198.28 147.78 -17.28
196.75 145.39 -17.28
195.16 143.18 -17.28
193.27 141.08 -17.28
191.15 139.1 -17.28
188.89 137.27 -17.28
186.6 135.63 -17.28
184.24 133.93 -17.28
181.76 132.23 -17.28
179.18 130.87 -17.28
176.56 130.24 -17.28
173.84 130.35 -17.28
170.95 130.79 -17.28
168.03 131.47 -17.28
165.21 132.32 -17.28
162.66 133.27 -17.28
160.43 134.39 -17.28
158.38 136.07 -17.28
156.47 138.18 -17.28
154.65 140.56 -17.28
152.91 143.07 -17.28
151.21 145.54 -17.28
149.51 147.85 -17.28
147.74 150.12 -17.28
146 152.45 -17.28
144.4 154.83 -17.28
143.1 157.29 -17.28
142.16 159.84 -17.28
141.3 162.5 -17.28
140.5 165.25 -17.28
139.81 168.07 -17.28
139.29 170.9 -17.28
138.97 173.74 -17.28
138.91 176.55 -17.28
139.04 179.4 -17.28
139.3 182.24 -17.28
139.65 185.02 -17.28
140.38 187.76 -17.28
141.54 190.4 -17.28
142.87 192.86 -17.28
144.55 195.28 -17.28
146.5 197.4 -17.28
148.6 198.99 -17.28
150.93 200.39 -17.28
153.47 201.68 -17.28
156.16 202.84 -17.28
158.95 203.84 -17.28
161.76 204.67 -17.28
164.54 205.32 -17.28
167.28 205.8 -17.28
170.07 206.22 -17.28
172.9 206.54 -17.28
175.77 206.71 -17.28
175.77 206.71 -17.28
175.77 206.71 -17.28
178.66 206.03 -17.28
181.45 205.14 -17.28
184.1 204.08 -17.28
187.52 202.29 -25.92
189.94 201.05 -25.92
192.19 199.71 -25.92
194.28 197.76 -25.92
196.11 195.41 -25.92
197.66 193.07 -25.92
199.19 190.61 -25.92
200.64 188.04 -25.92
201.92 185.39 -25.92
202.95 182.69 -25.92
203.64 179.96 -25.92
204 177.21 -25.92
204.31 174.36 -25.92
204.58 171.45 -25.92
204.79 168.52 -25.92
204.94 165.64 -25.92
205.02 162.85 -25.92
204.9 160.18 -25.92
204.13 157.58 -25.92
202.82 155.03 -25.92
201.16 152.54 -25.92
199.33 150.09 -25.92
197.49 147.7 -25.92
195.83 145.33 -25.92
194.19 142.89 -25.92
192.45 140.5 -25.92
190.55 138.4 -25.92
188.46 136.76 -25.92
186.07 135.18 -25.92
183.47 133.67 -25.92
180.73 132.36 -25.92
177.93 131.37 -25.92
175.17 130.83 -25.92
172.48 130.84 -25.92
169.67 131.35 -25.92
166.81 132.24 -25.92
164.01 133.4 -25.92
161.37 134.72 -25.92
159.01 136.1 -25.92
156.93 137.72 -25.92
155.03 139.83 -25.92
153.26 142.22 -25.92
151.56 144.68 -25.92
149.87 147.03 -25.92
148.15 149.34 -25.92
146.47 151.69 -25.92
144.91 154.1 -25.92
143.56 156.58 -25.92
142.39 159.15 -25.92
141.2 161.8 -25.92
140.08 164.52 -25.92
139.14 167.28 -25.92
138.48 170.07 -25.92
138.21 172.85 -25.92
138.28 175.67 -25.92
138.51 178.55 -25.92
138.86 181.44 -25.92
139.3 184.29 -25.92
139.8 187.05 -25.92
140.5 189.85 -25.92
141.55 192.78 -25.92
142.89 195.62 -25.92
144.43 198.13 -25.92
146.11 200.09 -25.92
147.96 201.49 -25.92
150.26 202.8 -25.92
152.91 204.02 -25.92
155.8 205.09 -25.92
158.81 205.95 -25.92
161.83 206.54 -25.92
164.76 206.82 -25.92
167.54 206.77 -25.92
170.35 206.48 -25.92
173.18 205.95 -25.92
176.03 205.15 -25.92
176.03 205.15 -25.92
176.03 205.15 -25.92
179.19 204.9 -25.92
182.15 204.29 -25.92
184.92 203.4 -25.92
185.5 200.55 -34.56
187.93 199.25 -34.56
190.36 197.85 -34.56
192.91 196.34 -34.56
195.44 194.7 -34.56
197.8 192.93 -34.56
199.85 191.05 -34.56
201.44 189.03 -34.56
202.56 186.84 -34.56
203.59 184.32 -34.56
204.49 181.57 -34.56
205.19 178.71 -34.56
205.6 175.84 -34.56
205.67 173.07 -34.56
205.54 170.28 -34.56
205.3 167.45 -34.56
204.95 164.63 -34.56
204.53 161.85 -34.56
204.07 159.15 -34.56
203.5 156.5 -34.56
202.64 153.77 -34.56
201.53 151.03 -34.56
200.2 148.36 -34.56
198.7 145.82 -34.56
197.07 143.5 -34.56
195.35 141.46 -34.56
193.52 139.75 -34.56
191.23 138.18 -34.56
188.61 136.83 -34.56
185.91 135.88 -34.56
183.25 135.3 -34.56
180.46 134.79 -34.56
177.64 134.4 -34.56
174.83 134.15 -34.56
172.13 134.12 -34.56
169.48 134.69 -34.56
166.86 135.79 -34.56
164.3 137.19 -34.56
161.83 138.66 -34.56
159.44 140.06 -34.56
157.08 141.64 -34.56
154.84 143.39 -34.56
152.81 145.28 -34.56
151.01 147.27 -34.56
149.29 149.45 -34.56
147.65 151.76 -34.56
146.13 154.19 -34.56
144.74 156.69 -34.56
143.5 159.23 -34.56
142.43 161.76 -34.56
141.43 164.34 -34.56
140.42 167 -34.56
139.52 169.71 -34.56
138.83 172.45 -34.56
138.43 175.2 -34.56
138.4 177.96 -34.56
138.5 180.85 -34.56
138.69 183.78 -34.56
138.97 186.64 -34.56
139.32 189.34 -34.56
139.76 191.76 -34.56
140.92 194.16 -34.56
142.83 196.51 -34.56
145.17 198.58 -34.56
147.63 200.19 -34.56
149.96 201.19 -34.56
152.47 202.03 -34.56
155.17 202.79 -34.56
158 203.42 -34.56
160.89 203.9 -34.56
163.77 204.19 -34.56
166.57 204.27 -34.56
169.34 204.26 -34.56
172.12 204.2 -34.56
174.92 204.06 -34.56
177.72 203.8 -34.56
177.72 203.8 -34.56
177.72 203.8 -34.56
180.39 202.83 -34.56
182.98 201.75 -34.56
186.04 200.24 -43.2
188.42 199.28 -43.2
190.81 197.95 -43.2
193.14 196.34 -43.2
195.32 194.51 -43.2
197.28 192.56 -43.2
198.95 190.55 -43.2
200.33 188.49 -43.2
201.63 186.18 -43.2
202.8 183.67 -43.2
203.75 181.05 -43.2
204.39 178.42 -43.2
204.72 175.82 -43.2
204.97 173.14 -43.2
205.18 170.41 -43.2
205.33 167.71 -43.2
205.41 165.07 -43.2
205.28 162.54 -43.2
204.45 160.03 -43.2
203.1 157.57 -43.2
201.5 155.24 -43.2
199.92 153.1 -43.2
198.27 151.09 -43.2
196.4 149.16 -43.2
194.35 147.33 -43.2
192.19 145.63 -43.2
189.99 144.1 -43.2
187.77 142.7 -43.2
185.46 141.23 -43.2
183.05 139.77 -43.2
180.58 138.44 -43.2
178.07 137.35 -43.2
175.54 136.61 -43.2
173.03 136.35 -43.2
170.44 136.59 -43.2
167.77 137.22 -43.2
165.13 138.11 -43.2
162.62 139.15 -43.2
160.33 140.24 -43.2
158.21 141.69 -43.2
156.19 143.49 -43.2
154.27 145.5 -43.2
152.45 147.58 -43.2
150.71 149.61 -43.2
149.01 151.69 -43.2
147.39 153.85 -43.2
145.9 156.1 -43.2
144.6 158.4 -43.2
143.4 160.76 -43.2
142.18 163.19 -43.2
140.99 165.69 -43.2
139.94 168.23 -43.2
139.1 170.81 -43.2
138.56 173.4 -43.2
138.4 175.99 -43.2
138.46 178.71 -43.2
138.6 181.52 -43.2
138.83 184.31 -43.2
139.12 186.93 -43.2
139.49 189.25 -43.2
140.5 191.43 -43.2
142.31 193.54 -43.2
144.61 195.46 -43.2
147.06 197.07 -43.2
149.36 198.29 -43.2
151.71 199.35 -43.2
154.23 200.35 -43.2
156.85 201.21 -43.2
159.54 201.87 -43.2
162.23 202.26 -43.2
164.86 202.33 -43.2
167.5 202.33 -43.2
170.17 202.33 -43.2
172.86 202.33 -43.2
175.56 202.33 -43.2
175.56 202.33 -43.2
175.56 202.33 -43.2
178.34 202.09 -43.2
181.03 201.62 -43.2
183.61 200.98 -43.2
184.71 195.98 -51.84
186.75 194.83 -51.84
188.72 193.53 -51.84
190.68 192 -51.84
192.57 190.28 -51.84
194.32 188.42 -51.84
195.9 186.48 -51.84
197.24 184.49 -51.84
198.4 182.44 -51.84
199.56 180.23 -51.84
200.61 177.9 -51.84
201.41 175.51 -51.84
201.84 173.11 -51.84
201.86 170.71 -51.84
201.75 168.2 -51.84
201.56 165.66 -51.84
201.3 163.17 -51.84
200.99 160.83 -51.84
200.51 158.69 -51.84
199.45 156.65 -51.84
197.93 154.69 -51.84
196.11 152.81 -51.84
194.15 151.01 -51.84
192.23 149.28 -51.84
190.45 147.59 -51.84
188.64 145.84 -51.84
186.74 144.12 -51.84
184.77 142.57 -51.84
182.71 141.33 -51.84
180.57 140.49 -51.84
178.24 139.78 -51.84
175.77 139.15 -51.84
173.27 138.65 -51.84
170.83 138.34 -51.84
168.53 138.29 -51.84
166.3 138.83 -51.84
164.09 139.94 -51.84
161.94 141.44 -51.84
159.91 143.16 -51.84
158.02 144.89 -51.84
156.32 146.54 -51.84
154.8 148.39 -51.84
153.39 150.42 -51.84
152.02 152.53 -51.84
150.64 154.6 -51.84
149.15 156.58 -51.84
147.57 158.52 -51.84
146.03 160.48 -51.84
144.69 162.5 -51.84
143.69 164.63 -51.84
142.78 166.88 -51.84
141.91 169.21 -51.84
141.12 171.61 -51.84
140.47 174.04 -51.84
140.02 176.47 -51.84
139.8 178.88 -51.84
139.91 181.31 -51.84
140.37 183.87 -51.84
141.09 186.38 -51.84
141.98 188.63 -51.84
142.97 190.48 -51.84
144.51 192.16 -51.84
146.55 193.71 -51.84
148.87 195.07 -51.84
151.27 196.18 -51.84
153.54 196.98 -51.84
155.83 197.66 -51.84
158.21 198.29 -51.84
160.64 198.84 -51.84
163.11 199.26 -51.84
165.58 199.54 -51.84
168.03 199.62 -51.84
170.47 199.61 -51.84
172.92 199.56 -51.84
175.37 199.4 -51.84
175.37 199.4 -51.84
175.37 199.4 -51.84
177.85 198.77 -51.84
180.24 197.97 -51.84
182.53 197.03 -51.84
184.31 192.84 -60.48
186.28 191.47 -60.48
188.15 189.86 -60.48
189.87 188.16 -60.48
191.43 186.54 -60.48
193.05 184.84 -60.48
194.7 183 -60.48
196.27 181.05 -60.48
197.59 179.02 -60.48
198.55 176.93 -60.48
199 174.82 -60.48
199.01 172.66 -60.48
199.01 170.38 -60.48
199.01 168.02 -60.48
199.01 165.64 -60.48
199.01 163.28 -60.48
199.01 161.02 -60.48
198.87 158.84 -60.48
198.23 156.66 -60.48
197.18 154.51 -60.48
195.88 152.44 -60.48
194.44 150.48 -60.48
193.02 148.67 -60.48
191.59 146.96 -60.48
189.94 145.24 -60.48
188.12 143.63 -60.48
186.18 142.25 -60.48
184.19 141.2 -60.48
182.15 140.49 -60.48
179.95 139.84 -60.48
177.65 139.29 -60.48
175.31 138.88 -60.48
172.99 138.66 -60.48
170.73 138.68 -60.48
168.41 139 -60.48
166.06 139.55 -60.48
163.76 140.28 -60.48
161.56 141.15 -60.48
159.55 142.09 -60.48
157.75 143.12 -60.48
156.11 144.57 -60.48
154.58 146.36 -60.48
153.14 148.33 -60.48
151.76 150.32 -60.48
150.41 152.19 -60.48
149.07 154.08 -60.48
147.78 156.02 -60.48
146.59 158.01 -60.48
145.54 160.04 -60.48
144.64 162.12 -60.48
143.72 164.27 -60.48
142.83 166.47 -60.48
142.05 168.7 -60.48
141.46 170.94 -60.48
141.13 173.18 -60.48
141.17 175.42 -60.48
141.67 177.71 -60.48
142.42 179.93 -60.48
143.27 181.99 -60.48
144.42 184.07 -60.48
145.82 186.09 -60.48
147.4 187.93 -60.48
149.09 189.48 -60.48
150.81 190.66 -60.48
152.73 191.73 -60.48
154.84 192.75 -60.48
157.09 193.65 -60.48
159.41 194.36 -60.48
161.74 194.81 -60.48
164.01 194.95 -60.48
166.27 194.94 -60.48
168.56 194.91 -60.48
170.88 194.83 -60.48
173.22 194.68 -60.48
173.22 194.68 -60.48
175.64 194.62 -60.48
175.64 194.62 -60.48
177.97 194.45 -60.48
180.17 194.21 -60.48
182.26 193.79 -60.48
182.55 188.45 -69.12
184.17 187.27 -69.12
185.74 185.95 -69.12
187.23 184.53 -69.12
188.6 183.03 -69.12
189.81 181.47 -69.12
190.82 179.89 -69.12
191.69 178.2 -69.12
192.47 176.38 -69.12
193.15 174.48 -69.12
193.74 172.55 -69.12
194.23 170.64 -69.12
194.7 168.63 -69.12
195.17 166.53 -69.12
195.6 164.39 -69.12
195.98 162.3 -69.12
196.29 160.3 -69.12
196.5 158.48 -69.12
196.61 156.89 -69.12
196.24 155.57 -69.12
194.82 154.44 -69.12
192.78 153.41 -69.12
190.64 152.4 -69.12
188.86 151.31 -69.12
187.25 150.04 -69.12
185.66 148.7 -69.12
184.04 147.47 -69.12
182.37 146.53 -69.12
180.61 146.05 -69.12
178.73 145.76 -69.12
176.76 145.51 -69.12
174.74 145.32 -69.12
172.73 145.2 -69.12
170.77 145.17 -69.12
168.83 145.35 -69.12
166.89 145.79 -69.12
164.97 146.42 -69.12
163.09 147.17 -69.12
161.26 147.97 -69.12
159.52 148.78 -69.12
157.77 149.75 -69.12
156.08 150.91 -69.12
154.55 152.19 -69.12
153.27 153.56 -69.12
152.14 155.11 -69.12
151.11 156.82 -69.12
150.19 158.64 -69.12
149.39 160.5 -69.12
148.74 162.34 -69.12
148.11 164.21 -69.12
147.51 166.14 -69.12
146.97 168.09 -69.12
146.54 170.04 -69.12
146.26 171.98 -69.12
146.18 173.88 -69.12
146.46 175.77 -69.12
147.07 177.66 -69.12
147.9 179.52 -69.12
148.84 181.34 -69.12
149.79 183.09 -69.12
150.74 184.86 -69.12
151.83 186.69 -69.12
153.05 188.35 -69.12
154.41 189.58 -69.12
155.94 190.38 -69.12
157.71 191.1 -69.12
159.66 191.74 -69.12
161.7 192.23 -69.12
163.75 192.55 -69.12
165.74 192.66 -69.12
167.69 192.65 -69.12
169.65 192.63 -69.12
171.63 192.57 -69.12
173.62 192.46 -69.12
173.62 192.46 -69.12
173.62 192.46 -69.12
175.57 191.87 -69.12
177.45 191.17 -69.12
179.25 190.37 -69.12
180.93 189.47 -69.12
179.1 183.86 -77.76
180.42 182.99 -77.76
181.78 182.14 -77.76
183.17 181.3 -77.76
184.54 180.44 -77.76
185.87 179.55 -77.76
187.1 178.6 -77.76
188.21 177.57 -77.76
189.28 176.43 -77.76
190.39 175.16 -77.76
191.4 173.8 -77.76
192.15 172.38 -77.76
192.5 170.94 -77.76
192.56 169.43 -77.76
192.61 167.84 -77.76
192.64 166.2 -77.76
192.66 164.58 -77.76
192.67 163.01 -77.76
192.6 161.53 -77.76
192.15 160.06 -77.76
191.4 158.62 -77.76
190.45 157.22 -77.76
189.38 155.9 -77.76
188.31 154.67 -77.76
187.29 153.55 -77.76
186.15 152.43 -77.76
184.89 151.37 -77.76
183.55 150.42 -77.76
182.16 149.65 -77.76
180.75 149.11 -77.76
179.28 148.63 -77.76
177.72 148.21 -77.76
176.14 147.87 -77.76
174.55 147.64 -77.76
172.98 147.58 -77.76
171.37 147.71 -77.76
169.72 147.99 -77.76
168.12 148.39 -77.76
166.64 148.87 -77.76
165.36 149.41 -77.76
164.26 150.24 -77.76
163.26 151.39 -77.76
162.33 152.76 -77.76
161.43 154.22 -77.76
160.52 155.68 -77.76
159.55 157.01 -77.76
158.44 158.18 -77.76
157.18 159.29 -77.76
155.97 160.39 -77.76
154.99 161.57 -77.76
154.41 162.88 -77.76
153.94 164.35 -77.76
153.54 165.92 -77.76
153.23 167.54 -77.76
153.07 169.14 -77.76
153.09 170.69 -77.76
153.34 172.25 -77.76
153.77 173.81 -77.76
154.31 175.34 -77.76
154.9 176.81 -77.76
155.5 178.23 -77.76
156.23 179.69 -77.76
157.09 181.14 -77.76
158.05 182.52 -77.76
159.1 183.77 -77.76
160.22 184.82 -77.76
161.39 185.62 -77.76
162.76 186.34 -77.76
164.29 186.98 -77.76
165.89 187.4 -77.76
167.45 187.51 -77.76
169 187.5 -77.76
170.57 187.47 -77.76
172.16 187.4 -77.76
173.77 187.26 -77.76
173.77 187.26 -77.76
175.11 186.43 -77.76
175.11 186.43 -77.76
176.45 185.58 -77.76
177.78 184.73 -77.76
173.97 178.89 -86.4
174.79 178.51 -86.4
175.59 178.1 -86.4
176.35 177.65 -86.4
177.09 177.16 -86.4
177.83 176.63 -86.4
178.54 176.06 -86.4
179.23 175.45 -86.4
179.88 174.82 -86.4
180.48 174.17 -86.4
181.07 173.5 -86.4
181.65 172.78 -86.4
182.2 172.02 -86.4
182.67 171.24 -86.4
182.99 170.44 -86.4
183.22 169.61 -86.4
183.43 168.73 -86.4
183.61 167.83 -86.4
183.76 166.92 -86.4
183.87 166.01 -86.4
183.92 165.12 -86.4
183.89 164.22 -86.4
183.71 163.26 -86.4
183.41 162.3 -86.4
183.03 161.42 -86.4
182.59 160.7 -86.4
182.12 160.19 -86.4
181.44 159.74 -86.4
180.58 159.35 -86.4
179.63 159.04 -86.4
178.67 158.82 -86.4
177.78 158.72 -86.4
176.89 158.65 -86.4
175.99 158.59 -86.4
175.08 158.55 -86.4
174.18 158.53 -86.4
173.28 158.53 -86.4
172.36 158.57 -86.4
171.44 158.67 -86.4
170.52 158.8 -86.4
169.62 158.97 -86.4
168.77 159.16 -86.4
167.98 159.39 -86.4
167.2 159.78 -86.4
166.44 160.33 -86.4
165.74 160.98 -86.4
165.1 161.68 -86.4
164.57 162.37 -86.4
164.11 163.11 -86.4
163.7 163.92 -86.4
163.33 164.77 -86.4
163.01 165.63 -86.4
162.73 166.48 -86.4
162.44 167.33 -86.4
162.17 168.21 -86.4
161.93 169.09 -86.4
161.75 169.98 -86.4
161.66 170.86 -86.4
161.65 171.76 -86.4
161.68 172.67 -86.4
161.73 173.6 -86.4
161.8 174.51 -86.4
161.89 175.38 -86.4
162.03 176.22 -86.4
162.4 177.12 -86.4
162.94 177.98 -86.4
163.58 178.67 -86.4
164.23 179.05 -86.4
164.96 179.3 -86.4
165.82 179.52 -86.4
166.75 179.7 -86.4
167.72 179.84 -86.4
168.68 179.92 -86.4
169.59 179.95 -86.4
170.47 179.89 -86.4
171.36 179.74 -86.4
172.24 179.52 -86.4
173.12 179.23 -86.4
173.12 179.23 -86.4
173.97 178.89 -86.4
